PAIR-FIRST BRANCHES — fix the pair, run the third digit

  branch of abc = S, S+9a, S+9b, S+9c   with S = a+b+c
  pair reversal sum = (10a+b)+(10b+a) = 11(a+b)
  closure needs S+9c = 11(a+b), i.e. c = a+b  -> possible only when a+b <= 9

pair 12   rev-sum 33   closes at c=3
   123  S= 6      6   15   24   33   <-- ROUND TRIP
   124  S= 7      7   16   25   43
   125  S= 8      8   17   26   53
   126  S= 9      9   18   27   63
   127  S=10     10   19   28   73
   128  S=11     11   20   29   83
   129  S=12     12   21   30   93

pair 13   rev-sum 44   closes at c=4
   132  S= 6      6   15   33   24
   134  S= 8      8   17   35   44   <-- ROUND TRIP
   135  S= 9      9   18   36   54
   136  S=10     10   19   37   64
   137  S=11     11   20   38   74
   138  S=12     12   21   39   84
   139  S=13     13   22   40   94

pair 14   rev-sum 55   closes at c=5
   142  S= 7      7   16   43   25
   143  S= 8      8   17   44   35
   145  S=10     10   19   46   55   <-- ROUND TRIP
   146  S=11     11   20   47   65
   147  S=12     12   21   48   75
   148  S=13     13   22   49   85
   149  S=14     14   23   50   95

pair 15   rev-sum 66   closes at c=6
   152  S= 8      8   17   53   26
   153  S= 9      9   18   54   36
   154  S=10     10   19   55   46
   156  S=12     12   21   57   66   <-- ROUND TRIP
   157  S=13     13   22   58   76
   158  S=14     14   23   59   86
   159  S=15     15   24   60   96

pair 16   rev-sum 77   closes at c=7
   162  S= 9      9   18   63   27
   163  S=10     10   19   64   37
   164  S=11     11   20   65   47
   165  S=12     12   21   66   57
   167  S=14     14   23   68   77   <-- ROUND TRIP
   168  S=15     15   24   69   87
   169  S=16     16   25   70   97

pair 17   rev-sum 88   closes at c=8
   172  S=10     10   19   73   28
   173  S=11     11   20   74   38
   174  S=12     12   21   75   48
   175  S=13     13   22   76   58
   176  S=14     14   23   77   68
   178  S=16     16   25   79   88   <-- ROUND TRIP
   179  S=17     17   26   80   98

pair 18   rev-sum 99   closes at c=9
   182  S=11     11   20   83   29
   183  S=12     12   21   84   39
   184  S=13     13   22   85   49
   185  S=14     14   23   86   59
   186  S=15     15   24   87   69
   187  S=16     16   25   88   79
   189  S=18     18   27   90   99   <-- ROUND TRIP

pair 19   rev-sum 110   never closes (a+b>9)
   192  S=12     12   21   93   30
   193  S=13     13   22   94   40
   194  S=14     14   23   95   50
   195  S=15     15   24   96   60
   196  S=16     16   25   97   70
   197  S=17     17   26   98   80
   198  S=18     18   27   99   90

pair 23   rev-sum 55   closes at c=5
   231  S= 6      6   24   33   15
   234  S= 9      9   27   36   45
   235  S=10     10   28   37   55   <-- ROUND TRIP
   236  S=11     11   29   38   65
   237  S=12     12   30   39   75
   238  S=13     13   31   40   85
   239  S=14     14   32   41   95

pair 24   rev-sum 66   closes at c=6
   241  S= 7      7   25   43   16
   243  S= 9      9   27   45   36
   245  S=11     11   29   47   56
   246  S=12     12   30   48   66   <-- ROUND TRIP
   247  S=13     13   31   49   76
   248  S=14     14   32   50   86
   249  S=15     15   33   51   96

pair 25   rev-sum 77   closes at c=7
   251  S= 8      8   26   53   17
   253  S=10     10   28   55   37
   254  S=11     11   29   56   47
   256  S=13     13   31   58   67
   257  S=14     14   32   59   77   <-- ROUND TRIP
   258  S=15     15   33   60   87
   259  S=16     16   34   61   97

pair 26   rev-sum 88   closes at c=8
   261  S= 9      9   27   63   18
   263  S=11     11   29   65   38
   264  S=12     12   30   66   48
   265  S=13     13   31   67   58
   267  S=15     15   33   69   78
   268  S=16     16   34   70   88   <-- ROUND TRIP
   269  S=17     17   35   71   98

pair 27   rev-sum 99   closes at c=9
   271  S=10     10   28   73   19
   273  S=12     12   30   75   39
   274  S=13     13   31   76   49
   275  S=14     14   32   77   59
   276  S=15     15   33   78   69
   278  S=17     17   35   80   89
   279  S=18     18   36   81   99   <-- ROUND TRIP

pair 28   rev-sum 110   never closes (a+b>9)
   281  S=11     11   29   83   20
   283  S=13     13   31   85   40
   284  S=14     14   32   86   50
   285  S=15     15   33   87   60
   286  S=16     16   34   88   70
   287  S=17     17   35   89   80
   289  S=19     19   37   91  100

pair 29   rev-sum 121   never closes (a+b>9)
   291  S=12     12   30   93   21
   293  S=14     14   32   95   41
   294  S=15     15   33   96   51
   295  S=16     16   34   97   61
   296  S=17     17   35   98   71
   297  S=18     18   36   99   81
   298  S=19     19   37  100   91

pair 34   rev-sum 77   closes at c=7
   341  S= 8      8   35   44   17
   342  S= 9      9   36   45   27
   345  S=12     12   39   48   57
   346  S=13     13   40   49   67
   347  S=14     14   41   50   77   <-- ROUND TRIP
   348  S=15     15   42   51   87
   349  S=16     16   43   52   97

pair 35   rev-sum 88   closes at c=8
   351  S= 9      9   36   54   18
   352  S=10     10   37   55   28
   354  S=12     12   39   57   48
   356  S=14     14   41   59   68
   357  S=15     15   42   60   78
   358  S=16     16   43   61   88   <-- ROUND TRIP
   359  S=17     17   44   62   98

pair 36   rev-sum 99   closes at c=9
   361  S=10     10   37   64   19
   362  S=11     11   38   65   29
   364  S=13     13   40   67   49
   365  S=14     14   41   68   59
   367  S=16     16   43   70   79
   368  S=17     17   44   71   89
   369  S=18     18   45   72   99   <-- ROUND TRIP

pair 37   rev-sum 110   never closes (a+b>9)
   371  S=11     11   38   74   20
   372  S=12     12   39   75   30
   374  S=14     14   41   77   50
   375  S=15     15   42   78   60
   376  S=16     16   43   79   70
   378  S=18     18   45   81   90
   379  S=19     19   46   82  100

pair 38   rev-sum 121   never closes (a+b>9)
   381  S=12     12   39   84   21
   382  S=13     13   40   85   31
   384  S=15     15   42   87   51
   385  S=16     16   43   88   61
   386  S=17     17   44   89   71
   387  S=18     18   45   90   81
   389  S=20     20   47   92  101

pair 39   rev-sum 132   never closes (a+b>9)
   391  S=13     13   40   94   22
   392  S=14     14   41   95   32
   394  S=16     16   43   97   52
   395  S=17     17   44   98   62
   396  S=18     18   45   99   72
   397  S=19     19   46  100   82
   398  S=20     20   47  101   92

pair 45   rev-sum 99   closes at c=9
   451  S=10     10   46   55   19
   452  S=11     11   47   56   29
   453  S=12     12   48   57   39
   456  S=15     15   51   60   69
   457  S=16     16   52   61   79
   458  S=17     17   53   62   89
   459  S=18     18   54   63   99   <-- ROUND TRIP

pair 46   rev-sum 110   never closes (a+b>9)
   461  S=11     11   47   65   20
   462  S=12     12   48   66   30
   463  S=13     13   49   67   40
   465  S=15     15   51   69   60
   467  S=17     17   53   71   80
   468  S=18     18   54   72   90
   469  S=19     19   55   73  100

pair 47   rev-sum 121   never closes (a+b>9)
   471  S=12     12   48   75   21
   472  S=13     13   49   76   31
   473  S=14     14   50   77   41
   475  S=16     16   52   79   61
   476  S=17     17   53   80   71
   478  S=19     19   55   82   91
   479  S=20     20   56   83  101

pair 48   rev-sum 132   never closes (a+b>9)
   481  S=13     13   49   85   22
   482  S=14     14   50   86   32
   483  S=15     15   51   87   42
   485  S=17     17   53   89   62
   486  S=18     18   54   90   72
   487  S=19     19   55   91   82
   489  S=21     21   57   93  102

pair 49   rev-sum 143   never closes (a+b>9)
   491  S=14     14   50   95   23
   492  S=15     15   51   96   33
   493  S=16     16   52   97   43
   495  S=18     18   54   99   63
   496  S=19     19   55  100   73
   497  S=20     20   56  101   83
   498  S=21     21   57  102   93

pair 56   rev-sum 121   never closes (a+b>9)
   561  S=12     12   57   66   21
   562  S=13     13   58   67   31
   563  S=14     14   59   68   41
   564  S=15     15   60   69   51
   567  S=18     18   63   72   81
   568  S=19     19   64   73   91
   569  S=20     20   65   74  101

pair 57   rev-sum 132   never closes (a+b>9)
   571  S=13     13   58   76   22
   572  S=14     14   59   77   32
   573  S=15     15   60   78   42
   574  S=16     16   61   79   52
   576  S=18     18   63   81   72
   578  S=20     20   65   83   92
   579  S=21     21   66   84  102

pair 58   rev-sum 143   never closes (a+b>9)
   581  S=14     14   59   86   23
   582  S=15     15   60   87   33
   583  S=16     16   61   88   43
   584  S=17     17   62   89   53
   586  S=19     19   64   91   73
   587  S=20     20   65   92   83
   589  S=22     22   67   94  103

pair 59   rev-sum 154   never closes (a+b>9)
   591  S=15     15   60   96   24
   592  S=16     16   61   97   34
   593  S=17     17   62   98   44
   594  S=18     18   63   99   54
   596  S=20     20   65  101   74
   597  S=21     21   66  102   84
   598  S=22     22   67  103   94

pair 67   rev-sum 143   never closes (a+b>9)
   671  S=14     14   68   77   23
   672  S=15     15   69   78   33
   673  S=16     16   70   79   43
   674  S=17     17   71   80   53
   675  S=18     18   72   81   63
   678  S=21     21   75   84   93
   679  S=22     22   76   85  103

pair 68   rev-sum 154   never closes (a+b>9)
   681  S=15     15   69   87   24
   682  S=16     16   70   88   34
   683  S=17     17   71   89   44
   684  S=18     18   72   90   54
   685  S=19     19   73   91   64
   687  S=21     21   75   93   84
   689  S=23     23   77   95  104

pair 69   rev-sum 165   never closes (a+b>9)
   691  S=16     16   70   97   25
   692  S=17     17   71   98   35
   693  S=18     18   72   99   45
   694  S=19     19   73  100   55
   695  S=20     20   74  101   65
   697  S=22     22   76  103   85
   698  S=23     23   77  104   95

pair 78   rev-sum 165   never closes (a+b>9)
   781  S=16     16   79   88   25
   782  S=17     17   80   89   35
   783  S=18     18   81   90   45
   784  S=19     19   82   91   55
   785  S=20     20   83   92   65
   786  S=21     21   84   93   75
   789  S=24     24   87   96  105

pair 79   rev-sum 176   never closes (a+b>9)
   791  S=17     17   80   98   26
   792  S=18     18   81   99   36
   793  S=19     19   82  100   46
   794  S=20     20   83  101   56
   795  S=21     21   84  102   66
   796  S=22     22   85  103   76
   798  S=24     24   87  105   96

pair 89   rev-sum 187   never closes (a+b>9)
   891  S=18     18   90   99   27
   892  S=19     19   91  100   37
   893  S=20     20   92  101   47
   894  S=21     21   93  102   57
   895  S=22     22   94  103   67
   896  S=23     23   95  104   77
   897  S=24     24   96  105   87

16 of 36 pairs close. a pair closes iff a+b <= 9:
  7 + 5 + 3 + 1 = 16 pairs, each at exactly one c, on the repdigit 11(a+b).