# A046762 terms <= 10^10, from the OEIS b-file b046762.txt (fetched 2026-10-02)
1
10
60
65
84
130
140
150
175
260
350
420
525
780
1050
1105
1820
2100
2210
4420
4650
5425
5460
8840
10500
10850
13260
16275
19720
20150
20737
21700
30225
30940
32045
32550
41474
45500
55250
57350
60450
64090
65100
70525
71400
81900
82948
86025
92820
103685
114660
120900
128180
130200
136500
141050
171275
172050
194480
195300
198900
200725
207370
207553
211575
212940
221000
241800
248844
256360
282100
286650
295800
308700
316200
331500
342550
344100
352529
354640
372775
379260
384540
389844
401450
414740
415106
423150
435708
450840
474075
512720
513825
548080
564200
580636
602175
631176
632100
685100
688200
690200
697840
705058
737800
742560
745550
773500
802900
829480
830212
846300
897260
948150
986076
1009360
1017250
1027650
1036850
1037765
1051960
1092000
1095500
1118325
1192880
1198925
1204350
1205776
1244220
1264957
1347905
1370200
1392300
1410116
1441188
1491100
1555275
1602250
1605800
1660424
1692600
1706250
1741908
1762645
1824877
1949220
2055300
2070600
2075530
2178540
2213400
2236650
2320500
2397850
2408700
2436525
2490636
2529914
2538900
2609425
2624336
2652000
2691780
2695810
2698189
2806524
2820232
2864400
2903180
2982200
3056600
3076320
3110550
3155880
3178864
3286500
3385200
3525290
3596775
3628975
3649754
3899800
3928475
4003300
4013100
4055792
4069000
4110600
4151060
4230348
4306848
4326608
4473300
4775940
4795700
4817400
4873050
4930380
4966975
5059828
5218850
5319600
5321000
5391620
5396378
5446350
5474631
5636400
5639920
5688900
5768100
5811484
5924100
6028880
6066396
6103500
6162975
6165900
6188000
6221100
6324785
6337175
6409000
6531700
6825000
7050580
7178080
7193550
7205940
7226100
7257950
7299508
7407036
7590250
7795900
7828275
7856950
8221200
8251425
8302120
8646625
8709540
8813225
8886150
8925000
8946600
9007425
9124385
9169800
9569700
9591400
9613500
9634800
9668750
9746100
9870812
9933950
10119656
10223341
10377650
10437700
10783240
10792756
10886925
10949262
11271000
11305476
11699400
11785425
11863280
12009900
12314192
12325950
12412400
12442200
12453180
12571120
12649570
12674350
12774139
12989340
13121680
13419900
13490945
13830960
14032620
14101160
14241500
14387100
14503125
14515900
14696325
14900925
15140400
15179484
15566475
15656550
15713900
15779400
15894320
16174860
16502850
16604240
16763292
16860900
17293250
17434452
17540775
17626450
17893200
18014850
18248560
18248770
18564000
18735444
19011525
19182800
19595100
19867900
20278960
20446682
20875400
21151740
21396200
21504269
21534240
21566480
21585512
21633040
21773850
21898524
22431500
22914385
23387700
23570850
23723401
24651900
25291350
25299140
25348700
25548278
25636000
26292000
26299000
26439675
26981890
27298600
27373155
27499325
27656464
27681576
28202320
28774200
29006250
29031800
29057420
29392650
29612436
29801850
30144400
30361000
31132950
31313100
31427800
32142350
32378268
32684912
33005700
33431580
33569900
34586500
34768825
34967504
35081550
35252900
35327600
35418796
36029700
36321775
36484812
36497540
36529328
36580068
37035180
37237200
37741340
38023050
38322417
38675000
39735800
40376700
40893364
41510600
41750800
42724500
43008538
43161300
43171024
43547700
43797048
44360225
44613712
45541500
45621925
45828770
46135960
46293975
46522320
47141700
47446802
48213525
48828000
49336625
49354060
50598280
50697400
51070175
51096556
51116705
51427760
52879350
52893750
53316900
53323956
53963780
54746310
54998650
56527380
57548400
58012500
58242800
58785300
59603700
61570960
61692575
62045104
62265900
62626200
63247850
63870695
64094940
64188600
64590344
65608400
65695572
67294500
67395250
67454725
68222700
69173000
69537650
69676320
69880200
70163100
70505800
70659225
71170203
72579500
72643550
72995080
73063900
73552336
75532275
75549292
75897420
76046100
76644834
76698960
76908000
77908909
78863148
78897000
79471600
81190980
81786728
81895800
82222205
82497975
83228753
83816460
84912100
86017076
87095400
87172260
87229350
88132250
88720450
90433200
91243850
91657540
92587950
93677220
93939300
94283400
94871775
94893604
96427050
98673250
99625440
100709700
101196560
101394800
102140350
102193112
102233410
102742250
102946288
103759500
104306475
104770575
105758700
105982800
106256388
106263500
107521345
107671200
107927560
108089100
108965325
109492620
109997300
110645500
112498225
112557900
113094200
113141072
113224020
113932000
115096800
116025000
117096525
117617968
118617005
119207400
122266759
122680092
123259500
123385150
124102300
124406100
124531800
125252400
127741390
128569400
129398880
130643100
133080675
133712176
134909450
136865775
138282320
138346000
138407880
138502260
139075300
139475616
141318450
141425100
142340406
143831832
145287100
148062180
148122100
150543750
151064550
151748100
152092200
153210525
153289668
154309000
155817818
160084496
161891340
163053800
163424560
163573456
164393775
164444410
164995950
166063807
166457506
168836850
169213920
170581840
172034152
174190800
174728400
174837520
174854384
175382285
176355900
177093980
177440900
178811100
179452000
181158432
182424060
182487700
182646640
182900340
183315080
183778075
185067675
185077725
185175900
188566800
189743550
189787208
191052225
191612085
192854100
193771032
196825200
197346500
197405520
200728169
202364175
204280700
204466820
208612950
208925275
209541150
210489300
211010800
211517400
211575000
214804044
215042690
215855120
217738500
217930650
218985240
219191700
219994600
221367475
222632432
223068560
224996450
226647876
228030075
228138300
232050000
232459360
233244900
233726727
234021060
234193050
236899488
237231280
237234010
238414800
239719720
241672900
242105500
242622900
244533518
246770300
248183272
248844000
249063600
250504800
250752125
252991400
254736300
255482780
255583525
258051228
258825000
259026144
260855028
266161350
266619780
267588568
269581000
269818900
273209975
273728400
273731550
274972620
276675000
276692000
278150600
279230175
280393750
282636900
284680812
286253548
290574200
291332340
299731250
301930720
302129100
304184400
304833900
305302725
306421050
306579336
310225520
311635636
317276100
318502548
318790500
319353475
320357100
321707150
322951720
324495600
328477860
328787550
328888820
329991900
331936500
332127614
332915012
333274725
335607608
337494675
339282600
341796000
344035120
344068304
350764570
350815500
352529000
354078900
354881800
355851015
357491225
357675892
359534032
364332000
366123492
366630160
366800277
367556150
367761680
370135350
370155450
370351800
370748700
372306900
377746460
379356000
379487100
380565424
382104450
383224170
384493788
385708200
389544545
394315740
394485000
394693000
394832480
401456338
403297817
404371500
404728350
408561400
408933640
410597325
410969000
416143765
417225900
417850550
419082300
420590625
423034800
430085380
431710240
435861300
437970480
439956192
439989200
442734950
444366300
449596875
449992900
456060150
456219250
457250850
459258800
459869004
464100000
467453454
468386100
472183075
474468020
474881264
475540884
476829600
480535650
482560725
486135468
489067036
489161400
493540600
498191421
501504250
503336925
506974000
510965560
511167050
511745520
514731440
516137000
526146855
528793500
531281940
532322700
534272600
537421000
537606725
538356000
539637800
543764025
545362363
546419950
547463100
551334225
555643504
556301200
558460350
565273800
565705360
568336860
569361624
572859625
580636000
581148400
588089840
592039500
593085025
594633475
602119532
602175000
604258200
604394336
607179360
608368800
610605450
611333795
612842100
613158672
613400460
616453500
619370576
620241804
621861156
623271272
623623801
626775825
627418672
630819540
633032400
637828100
638699600
638706950
641602780
651690900
652356250
657575100
657777640
659983800
664102425
664255228
664517165
665830024
666549450
668560880
674547250
674989350
675347400
684328875
691411600
692039400
693211428
695021292
697378080
701529140
709763600
711702030
714982450
719159160
723820240
724597300
725018700
726316500
726435500
733260320
733600554
735112300
740270700
740310900
744549816
757156400
758974200
764208900
766448340
766615250
766750575
769981100
771416400
779089090
789386000
791659400
800422480
802765704
802912676
804770757
806595634
809456700
817122800
817867280
819629925
821194650
826169400
830076000
830319035
832287530
834451800
835701100
835789500
838164600
838722625
841181250
843688560
846300000
850051104
850108000
854042436
855867313
858760644
860170760
861855800
865956000
868192975
871722600
873309125
874187600
874271920
883146600
885164000
885469900
899193750
899985800
905792160
906387300
912120300
920164440
923564400
934906908
936772200
943533500
944366150
945953840
948936040
958060425
963535056
965121450
968855160
969515820
973527100
978134072
978534375
981440736
985789350
986666460
987081200
989975700
994102200
996382842
998745036
1003008500
1006673850
1006822824
1013021100
1021020000
1021931120
1022334100
1025456250
1026564448
1052293710
1064645400
1068038300
1072473675
1073027676
1074020220
1075213450
1078324000
1079275600
1081973789
1087528050
1088692500
1090724726
1092839900
1094926200
1102668450
1112602400
1113162160
1115342800
1116920700
1118631280
1121575000
1122193800
1125975025
1132409168
1133239380
1138723248
1145719250
1153399000
1168633635
1175941000
1184497440
1186170050
1189266950
1198925000
1209893451
1210283100
1217803860
1221210900
1222667590
1225009800
1225684200
1233851500
1240916360
1242086300
1247247602
1251677700
1253551650
1259196120
1262752452
1277413900
1286446525
1286828600
1290256140
1293797648
1295130720
1295473725
1298680240
1304275140
1307583900
1315150200
1315555280
1319967600
1328204850
1328510456
1329034330
1331660048
1333098900
1337942840
1338301744
1340673516
1342525275
1347960600
1349978700
1368657750
1377776400
1381425500
1388214100
1397777485
1403058280
1410116000
1416549225
1416751840
1419527200
1423404060
1429964900
1431267740
1435113225
1438391500
1443505700
1446445000
1462476925
1467201108
1467484200
1470224600
1470833936
1480621800
1515564960
1517948400
1521806000
1528417800
1532896680
1533501150
1542021065
1551127600
1558178180
1572942924
1578666336
1578772000
1589467867
1592512740
1596767375
1596968100
1602817800
1605825352
1605891760
1609541514
1612820175
1613191268
1613329900
1614758600
1617279300
1618913400
1619706985
1622670250
1630343925
1635734560
1636087089
1639259850
1642389300
1643876000
1660638070
1664575060
1666255500
1668903600
1671402200
1677445250
1678038040
1682362500
1687044304
1687131600
1698360300
1711734626
1719811800
1720341520
1727392100
1732457475
1736385950
1737282904
1741908000
1743445200
1746618250
1770939800
1779255075
1783900425
1788379460
1789084675
1797670160
1798387500
1799308016
1799971600
1806358596
1813183008
1824240600
1824877000
1830617460
1834001385
1838526300
1838808400
1869751800
1869813816
1873119976
1888732300
1896711505
1897872080
1902827120
1908253360
1912469825
1913484300
1916098800
1916120850
1922142600
1922468940
1923398224
1924808340
1930242900
1936844000
1947722725
1957068750
1960683350
1972425000
1972725300
1978458300
1990640925
1992765684
1998700200
2006017000
2007281690
2013347700
2016489085
2029774500
2039326380
2044668200
2064409824
2074234800
2091096475
2095411500
2098660200
2104587420
2114903700
2124519280
2129290800
2133017744
2144947350
2147050360
2150426900
2154983600
2163947578
2171460720
2173791900
2175056100
2179306500
2181449452
2185679800
2185992900
2190435975
2199780960
2204696000
2205336900
2220932700
2228289008
2228772000
2231384148
2233841400
2235474325
2248248464
2251950050
2271469200
2273106992
2290028384
2291438500
2292626700
2299345020
2302221740
2309943300
2319571800
2330405084
2337267270
2341930500
2354084977
2354538420
2371512780
2372340100
2374406320
2374978200
2377704420
2378533900
2385545400
2403086175
2408700000
2408738028
2419786902
2428370100
2430677340
2434668080
2442421800
2445335180
2451368400
2483678925
2490636000
2490957105
2494495204
2507103300
2550324000
2552550000
2554827800
2555835250
2567601939
2572893050
2585375520
2585567400
2590947450
2604578925
2609425000
2609466197
2622562800
2631110560
2639935200
2655492000
2656409700
2657020912
2658068660
2666197800
2685050550
2691780000
2698189000
2699957400
2721436432
2721731250
2726811815
2737315500
2739699600
2743505100
2775637917
2778217520
2794694175
2795554970
2804720724
2806116560
2812888000
2823084719
2830600500
2833098450
2837861520
2846808120
2849759640
2859929800
2870226450
2874181275
2883213900
2920581300
2924580584
2924953850
2934402216
2940449200
2941025025
2961243600
2965425125
2967709500
2972130525
3009025500
3010597660
3021971680
3038346675
3051029100
3056668975
3065793360
3066461000
3067002300
3079463861
3079693344
3084042130
3101209020
3109305780
3116356360
3118119005
3123481725
3137093360
3141747700
3146150475
3146736060
3178935734
3193534750
3204114900
3211650704
3219083028
3225640350
3226382536
3234972000
3237826800
3239413970
3247887825
3260687850
3262950080
3272174178
3278519700
3321276140
3329150120
3337807200
3342804400
3346028400
3350762100
3354890500
3355893840
3364725000
3377925075
3391115364
3412325000
3412378873
3414080709
3423469252
3424129800
3440683040
3460197000
3464914950
3466057140
3472771900
3475106460
3486890400
3493236500
3496446800
3527823000
3541879600
3551729675
3558510150
3567800850
3578169350
3595795800
3596775000
3629992275
3663660000
3668002770
3683554784
3701554500
3722749080
3726258900
3739627632
3739908200
3763247075
3777464600
3784751344
3793423010
3809012656
3824939650
3832241700
3859339575
3860485800
3876511275
3886632225
3895445450
3909791340
3914137500
3943157400
3978358020
3981281850
3985531368
3999296700
4002112400
4012034000
4013828520
4013912240
4023853785
4026695400
4032931760
4032978170
4047283500
4049936100
4085614000
4089336400
4101825000
4111110250
4124589300
4144276500
4151595175
4161437650
4162434325
4164642300
4175318576
4182192950
4186219664
4209174840
4229940000
4230348000
4250255520
4252909856
4258581600
4264260000
4270212180
4274238150
4279336565
4288726000
4289894700
4293803220
4300853800
4304026561
4315174500
4327895156
4330517100
4332571425
4339335000
4350112200
4351023600
4362898904
4369285900
4371359600
4380871950
4387430775
4401603324
4410673800
4411123909
4415736780
4427349500
4431653100
4443348000
4444221600
4446400140
4470948650
4486300000
4503900100
4528960800
4560601500
4576543650
4582877000
4591785100
4599691500
4603025700
4626063195
4649088600
4649786596
4653382800
4674534540
4708169954
4719198448
4736316000
4744680200
4749599400
4752443449
4752881250
4757067800
4759605396
4768403601
4790302125
4795700000
4806172350
4816956256
4817675280
4819733100
4839573804
4839881200
4839989700
4844275800
4859120955
4890670360
4902736800
4907203680
4910703980
4927167900
4931628000
4935138000
4947350512
4952649780
4967357850
4981914210
4982999125
4988990408
4993725180
4998419244
5014206600
5034114120
5070777136
5132822240
5135203878
5145786100
5156436600
5181894900
5182176300
5209157850
5211848712
5218932394
5312819400
5316137320
5320990350
5337765225
5363925000
5365138380
5366962575
5367254025
5370101100
5376067250
5399914800
5409868945
5412732000
5416580400
5438203680
5453623630
5474631000
5516425200
5545028125
5551275834
5576714000
5589388350
5591109940
5619359928
5620388732
5646169438
5662045840
5666196900
5690134515
5693616240
5719859600
5724760080
5737409475
5740452900
5748362550
5791844100
5810532000
5810918750
5811484000
5843168175
5849907700
5868804432
5880898400
5882050050
5922487200
5930850250
5931595800
5944261050
5951582275
5975210475
5978297052
6032990600
6049467255
6076693350
6077350825
6112078544
6113337950
6119313200
6131586720
6134004600
6158927722
6168084260
6169257500
6204581800
6221672100
6232712720
6236238010
6237612900
6238212968
6242156475
6246963450
6273289425
6278769120
6292300950
6313762260
6357871468
6373557840
6387069500
6392632400
6401511900
6441151080
6451280700
6452765072
6464950800
6468988240
6469612208
6475653600
6478827940
6490681000
6495775650
6511544000
6521375700
6525168300
6544348356
6557039400
6590220000
6616010700
6642552280
6658300240
6665494500
6675614400
6689714200
6691508720
6703367580
6706422975
6709781000
6729450000
6744745392
6755850150
6764102100
6783285600
6786610740
6795841948
6824757746
6828161418
6843288750
6846938504
6847503975
6862391725
6870085152
6874315500
6874831250
6901605392
6906665220
6929829900
6945543800
6956346348
6986473000
6991215252
7021059500
7068932325
7103459350
7117020300
7135601700
7142425250
7151073800
7156338700
7193550000
7197314888
7230591900
7251098400
7259984550
7304004240
7305381972
7336005540
7354169680
7373747575
7407036000
7426942253
7483485612
7515404400
7521309900
7526494150
7548268000
7554929200
7586846020
7649879300
7664483400
7668037000
7718679150
7720971600
7730235175
7753022550
7756702200
7773264450
7790890900
7796977240
7807399600
7828275000
7842733400
7864714620
7893331680
7923089275
7947339335
7962563700
7969229100
7971062736
7974205980
7983836875
7989960288
8023575000
8024068000
8029126760
8047707570
8051817488
8065956340
8073793000
8084195028
8104168800
8147739600
8156442736
8180435445
8231587000
8303190350
8324868650
8364385900
8379209475
8390190200
8418349680
8435221520
8448637860
8469254157
8471981700
8485580400
8517163200
8558673130
8579789400
8592161760
8601707600
8608053122
8630061300
8655790312
8665142850
8665752856
8683246000
8686414520
8687766150
8691291440
8692206250
8716378125
8725797808
8761743900
8773741752
8774861550
8821347600
8822247818
8839267164
8894922920
8896275375
8897460000
8941897300
8945775904
8988350800
8996540080
9007800200
9031792980
9035276796
9065915040
9068316075
9165754000
9170006925
9201006900
9233484000
9236573892
9252126390
9334286000
9336145000
9349069080
9365599880
9416339908
9425243100
9443661500
9449850900
9504886898
9514135600
9536807202
9580604250
9590162400
9612344700
9616991120
9651636036
9655048000
9657249084
9679147608
9718241910
9736021500
9779117400
9781340720
9830893275
9835559100
9869860000
9870812000
9898324800
9934715700
9963828420
9965998250
9977980816
