# T245 proper-divisor family: all 358 members with m <= 1e20 (complete).
# columns: m  p  tau(m)  factorization of m
60 31 12 2^2*3*5
286650 143909 108 2*3^2*5^2*7^2*13
308700 175303 108 2^2*3^2*5^2*7^3
389844 202481 108 2^2*3^2*7^2*13*17
1441188 735337 108 2^2*3^2*7^2*19*43
36580068 18489817 108 2^2*3^2*7^2*89*233
76698960 42217079 240 2^4*3*5*13^2*31*61
826169400 494317729 864 2^3*3^2*5^2*7^2*17*19*29
883146600 528199271 864 2^3*3^2*5^2*7^2*17*19*31
3943157400 2367409897 864 2^3*3^2*5^2*7^2*13*19*181
5156436600 3075687521 864 2^3*3^2*5^2*7^2*17*19*181
8147739600 5083430447 2160 2^4*3^2*5^2*7^2*11*13*17*19
8897460000 5077110953 960 2^5*3*5^4*11*13*17*61
20009220000 11766858113 960 2^5*3*5^4*7*11*61*71
26158532400 16214526353 2160 2^4*3^2*5^2*7^2*11*13*17*61
65883636000 40022960429 1728 2^5*3^2*5^3*7^2*13^3*17
112834965600 67749817259 1728 2^5*3^3*5^2*7^2*19*31*181
243898340400 143881909009 2160 2^4*3^2*5^2*11*13*17*29*31^2
286940530800 174949628281 2160 2^4*3^2*5^2*7^2*11*19*43*181
377486756712 192386642663 864 2^3*3^2*13^2*17*31*37^2*43
526927170000 309045052931 1200 2^4*3*5^4*7*11^2*89*233
611809800000 353317425127 1344 2^6*3*5^5*7*31*37*127
613400460000 337515376871 960 2^5*3*5^4*17*29*89*233
621861156000 371996720453 1728 2^5*3^2*5^3*7^2*17*89*233
903527679600 546882305897 2160 2^4*3^2*5^2*7^2*13*19*89*233
986666460000 545235645503 960 2^5*3*5^4*13*61*89*233
1041904500000 613809482371 1344 2^5*3*5^6*7*13*17*449
1132240200000 661402854439 1344 2^6*3*5^5*7*13*89*233
1213034004000 730189277773 1728 2^5*3^2*5^3*7^2*13^3*313
1487741923512 750983582113 864 2^3*3^2*13^2*31*37^2*43*67
1803397352400 1079926419071 2160 2^4*3^2*5^2*7^2*17*29*89*233
2361310739424 1280313582451 1728 2^5*3^3*7*13^2*29^2*41*67
2373420660000 1323517707353 960 2^5*3*5^4*13*17*71*2521
2629361732400 1523536102609 2160 2^4*3^2*5^2*13*17*19*31^2*181
3020041034010 1554530857207 1620 2*3^4*5*7^2*11^2*13^2*61^2
3486201223752 1758811910623 864 2^3*3^2*13^2*31*37^2*43*157
3519428348700 1946832150433 1620 2^2*3^4*5^2*11^2*37^2*43*61
3701554500000 2146885033547 1344 2^5*3*5^6*7*17*89*233
3793353051600 2265994350079 2160 2^4*3^2*5^2*7^2*17*61*89*233
4167454200000 2433908407993 1344 2^6*3*5^5*7*13*127*601
4660019806176 2506340165699 1728 2^5*3^2*7^2*17*29*37*43*421
9550973289312 5175501797563 1728 2^5*3^3*7*13^2*29^2*41*271
10072789511904 5441193234371 1728 2^5*3^2*7^2*17*19*29*181*421
12077999521056 6433407557069 1728 2^5*3^2*7^3*31*37^2*43*67
14509672750188 7610178879337 1620 2^2*3^4*7^5*11^2*19^2*61
17108644123872 9214236634003 1728 2^5*3^2*7^2*17*19*89*181*233
20577136443552 10530693091573 1728 2^5*3^3*13^2*29^2*41*61*67
23324999403888 12682657961737 2160 2^4*3^2*7*13^2*17*29^2*61*157
25600075800000 14161619908609 1344 2^6*3*5^5*13*43*127*601
26671600200000 15372034881383 1344 2^6*3*5^5*7*31*127*1613
34537682190000 19194944994509 1200 2^4*3*5^4*11^2*37*137*1877
50396952564000 29867496472109 1728 2^5*3^2*5^3*7^2*97*313*941
59624179725600 35701121220509 1728 2^5*3^3*5^2*7^2*19*181*16381
77362580022624 39479161974251 1728 2^5*3^2*13^3*31*37^2*43*67
91416458626272 46748649427603 1728 2^5*3^3*13^2*29^2*41*67*271
100339474200000 57667694211313 1344 2^6*3*5^5*7*127*313*601
101813595904944 55614370228481 2160 2^4*3^2*7^2*11*17*61^2*89*233
137386439944416 70595680577459 1728 2^5*3^3*13^2*17^2*89*157*233
179572669800000 97884719469151 1344 2^6*3*5^5*37*43*313*601
185276754412704 93834169440421 1728 2^5*3^2*17*31*37^2*43*89*233
208230048180000 127527860101393 8640 2^5*3^2*5^4*7^2*11*19*37*43*71
242298676620000 150074660368639 8640 2^5*3^3*5^4*7*11*13^2*29^2*41
257882492984688 135056474200937 2160 2^4*3^2*11*13^2*17*61^2*97*157
326683161420000 191872812917063 960 2^5*3*5^4*7*11*521*135721
350287844577600 190998524091719 1344 2^6*3*5^2*31*61*89*233*1861
432659182176000 251636128926977 6912 2^8*3^2*5^3*13^3*17*19*29*73
439917193915056 228873338343569 2160 2^4*3^2*11*13^2*29*61^2*97*157
491050873144728 246310338199897 864 2^3*3^2*13^2*61^2*89*233*523
540323070000000 314491356566113 3072 2^7*3*5^7*7*17^2*29*307
564754402322208 301967253719917 1728 2^5*3^2*7^2*17*61*89*233*1861
580936400163504 314326726120321 2160 2^4*3^2*7^2*11*61^2*89*97*233
597776068890000 371161273777939 10800 2^4*3^2*5^4*7^2*11^2*13*17*37*137
668528049420000 406742657845807 8640 2^5*3^2*5^4*7^2*11*37*43*61*71
717172801632000 431346785546977 6912 2^8*3^3*5^3*7*19*29^2*41*181
911273670946548 470971756074647 1620 2^2*3^4*7^2*13^2*61^2*97*941
1073778062112000 645799538862727 6912 2^8*3^3*5^3*7*19*29^2*41*271
1092893339083104 556407349043771 1728 2^5*3^3*13^2*61^2*89*97*233
1322367423651456 693419204082919 3072 2^7*3*7*13*31*37^2*43*89*233
1325207730686112 714375212583013 1728 2^5*3^2*7^2*13^3*41*73*14281
2371924664098704 1233658389201671 2160 2^4*3^2*11*13^2*29*61^2*157*523
2641936727430000 1639364066379181 10800 2^4*3^2*5^4*7^2*11^2*13*17*43*521
2700390068064000 1565614357654273 6912 2^8*3^2*5^3*13^3*17*19*73*181
3132265332840336 1694276612172439 2160 2^4*3^2*7^2*11*61^2*89*233*523
3191571704462400 1938390952030807 12096 2^6*3^2*5^2*7^2*17*19*29*31*37*421
3866794397856000 2229746083868063 6912 2^8*3^3*5^3*13^2*19*61*73*313
4512495611490048 2483202147400577 6912 2^8*3^3*7*13*17*19*41^2*73*181
4905677658420000 2983153215535057 8640 2^5*3^2*5^4*7^2*11*37*43*61*521
5969358305820000 3618189597099239 8640 2^5*3^3*5^4*7*13^2*29^2*41*271
6185598048630000 3805105987618381 10800 2^4*3^2*5^4*7^2*11^2*13*43*89*233
6201117698662224 3180320060175151 2160 2^4*3^2*13^2*17*29^2*61*157*1861
6469261811095392 3265719248401483 1728 2^5*3^2*17^2*29*89*233*307*421
6828069275820000 3931258126249631 8640 2^5*3^3*5^4*13^2*31*37^2*41*43
7127765905726800 4008250175694431 2160 2^4*3^2*5^2*31^3*37^2*43*1129
7482085536796416 4091321262294209 6912 2^8*3^3*7*13*19*29^2*41*67*271
8549730881177616 4342077264028759 2160 2^4*3^2*13^2*29*61^2*89*157*233
10058898036330000 5923961335053331 10800 2^4*3^2*5^4*11^2*13*17*37^2*43*71
10954854228830400 6641634149936833 12096 2^6*3^2*5^2*7^2*17*19*29*31*127*421
11544946292552400 7068996506146859 10800 2^4*3^2*5^2*7^4*13*17*19*31^2*331
12396518103400704 6778443787508671 6912 2^8*3^3*7*13*19*29^2*41*67*449
14249781536809104 7459698779626871 2160 2^4*3^2*11*13^2*17*61^2*523*1609
15611773875390000 9475225558148549 10800 2^4*3^2*5^4*7^3*11^2*37^2*43*71
15921147516446400 8655629205149881 1344 2^6*3*5^2*61*89*233*1409*1861
17509884170976000 10019041204969721 6912 2^8*3^2*5^3*17*19*29*89*233*313
18124075271476512 9282649843711613 1728 2^5*3^2*13^2*17*61*157*1229*1861
20512837767621888 10679271209250487 6912 2^8*3^3*13^2*17*19*29*61*73*421
20830827144477600 11676142867485301 1728 2^5*3^2*5^2*61*89*233*1229*1861
24923169061572600 15093108230678671 12960 2^3*3^4*5^2*7^2*13^2*17^2*31*89*233
28120926871556064 15186241719465811 1728 2^5*3^3*7*13^2*41^2*547*29921
32655866800944000 17933990801111681 3072 2^7*3*5^3*17^2*61*89*233*1861
37782236122765056 19522232701175569 6912 2^8*3^3*13*19*31*37^2*43*67*181
40414629480065568 21744209038400557 1728 2^5*3^2*7^2*13^3*97*941*14281
40415194820400000 22245180262041409 3072 2^7*3*5^5*17*29*197*577*601
43200788441822592 22459609186693033 3072 2^7*3*7*17^2*29*37*307*401*421
46808173698352416 24780082454851309 1728 2^5*3^2*7^2*61*89*233*1409*1861
57716514147297600 34639901710876543 12096 2^6*3^2*5^2*7^2*19*31*37*89*181*233
59868030721824000 34186620027196199 6912 2^8*3^2*5^3*13^3*41*73*101*313
60456855356913600 34843101968584409 12096 2^6*3^3*5^2*13^2*29^2*31*41*61*127
62527433240487600 38037370163061349 10800 2^4*3^3*5^2*7^4*11^2*31^2*89*233
63683016748704000 36170411744570911 6912 2^8*3^3*5^3*19*41^2*73*101*313
66765691369137600 40025043877181017 12096 2^6*3^2*5^2*7^2*19*31*61*89*127*233
74928099211020000 43213717010422559 8640 2^5*3^2*5^4*11*31*37^2*43*89*233
78249759734577600 45148652987019161 12096 2^6*3^3*5^2*13^2*29^2*31*37*41*271
80811570090000000 44344651873526663 3072 2^7*3*5^7*17^2*97*307*313
83859205677541632 43414667972567743 6912 2^8*3^3*13*17*31*37^2*43*67*449
84920177927163600 50995239809779387 10800 2^4*3^2*5^2*7^4*17*29*31^2*89*233
90001024314336000 50951721422445433 6912 2^8*3^2*5^3*19*41*73*97*181*313
104173652473857792 56020803040392833 6912 2^8*3^3*7*19*29^2*41*67*181*271
112234032170208000 64366424998416713 6912 2^8*3^3*5^3*13^2*29*157*401*421
118976099099542272 63964244336283353 6912 2^8*3^3*7*19*29^2*41*89*181*233
123828105512430000 71539982148594229 10800 2^4*3^3*5^4*11^2*31^2*37^2*43*67
137246044501800000 79492277139898423 12096 2^6*3^3*5^5*13^2*17*29^2*67*157
139533478576830000 80405994975991253 10800 2^4*3^2*5^4*13^2*17*29^2*61*67*157
145196182322650368 79125234492834007 6912 2^8*3^3*7*13*19*41^2*73*181*547
154189974167444592 78031841723861033 2160 2^4*3^2*13^2*61^2*89*157*233*523
159857001712980000 94009403376007649 8640 2^5*3^2*5^4*11*13^2*17*71*157*2521
160844134139769600 93028803260446793 6912 2^8*3^3*5^2*13*19*31*41*181*16381
163040981079098304 89190792711917321 12096 2^6*3^2*7*13^2*17*29^2*37*43*67*157
163487927479968000 98755762800444991 6912 2^8*3^3*5^3*7*13^2*61*1409*1861
169309772485344000 95732504736687673 6912 2^8*3^3*5^3*29^2*41*67*271*313
181641988045200000 98992523824145543 3072 2^7*3*5^5*31*101*257*313*601
193465354594307328 99813725501013047 6912 2^8*3^3*13*19*29^2*41*67*181*271
210154127058144000 118841792346263801 6912 2^8*3^2*5^3*19*61*89*97*233*313
220955612613435648 113965939215229727 6912 2^8*3^3*13*19*29^2*41*89*181*233
227825016131950848 116802890967158527 6912 2^8*3^3*13*31*37^2*43*67*89*233
249092594907156000 154161365189869507 25920 2^5*3^4*5^3*7^2*11^2*13^2*37*89*233
249948495338220000 148466255150064959 8640 2^5*3^2*5^4*7^2*43*61*89*233*521
262589586726115584 134523652584333791 6912 2^8*3^3*13*29^2*41*61*67*89*233
268587013143009600 154686776709143759 12096 2^6*3^3*5^2*13^2*29^2*31*41*127*271
268797293130405312 146852419635610313 12096 2^6*3^2*7*13^2*17*29^2*43*61*67*157
277595190285984000 157892616335905567 6912 2^8*3^2*5^3*17*29*37*313*401*421
277787149485300000 169641414425708339 25920 2^5*3^4*5^5*7^2*13^2*19*37*43*137
303156364749633792 154010598113715583 6912 2^8*3^3*19*31*37^2*43*61*89*233
310961292814920000 173411511114784963 6720 2^6*3*5^4*11*43*61^2*71*89*233
333382304594574144 182287808067535231 12096 2^6*3^2*7*13^2*17*29^2*37*43*137*157
335474923477620000 182211508352228281 960 2^5*3*5^4*71*521*2521*59957
343422735086340000 208727235009646361 8640 2^5*3^2*5^4*7^2*13^3*17*73*14281
360711669587666688 183973478644455937 6912 2^8*3^2*17*19*29*61*73*89*181*233
367199883279954144 195744860664072131 1728 2^5*3^2*7^2*19*181*229*2017*16381
383017821190149600 235937961991907501 25920 2^5*3^4*5^2*7^2*13^2*17*19*29*181*421
391660069688400000 213447298733461487 3072 2^7*3*5^5*31*97*313*577*601
421245806210775000 252577649992025783 12960 2^3*3^4*5^5*7^2*13^2*43*61^2*157
457787151013190400 261048622452287177 6912 2^8*3^3*5^2*19*31*37*41*181*16381
461380113534600000 264300845135675503 12096 2^6*3^2*5^5*13^2*29*43*61*127*157
467905877788896000 264871111366002233 6912 2^8*3^2*5^3*19*41*73*97*313*941
484800790034153736 255864528840189889 12960 2^3*3^4*11^2*13^2*17^2*19*31*37^2*157
498377711222820000 290639736474053129 8640 2^5*3^2*5^4*11*13^2*53*71*157*2521
509511286978529472 278235413621861153 12096 2^6*3^2*7*13^2*17*29^2*43*61*127*157
517024858596537600 292304715880327751 6912 2^8*3^3*5^2*31*41*61*89*233*1861
530567919701445600 306732937522213151 8640 2^5*3^2*5^2*13^4*17*29*31*401*421
571456862203500000 345867096111080261 12096 2^5*3^3*5^6*7*13^2*29^2*157*271
616539126054020400 375102548270392517 10800 2^4*3^3*5^2*7^4*11^2*31^2*73*2801
623572081926624000 352396435865390201 6912 2^8*3^2*5^3*19*89*97*181*233*313
628161974803835136 335244214377924239 6912 2^8*3^3*7*29^2*41*67*89*233*271
630712216976328864 321217966511674261 1728 2^5*3^3*13^2*41^2*157*547*29921
654179523933420288 330198713446105337 6912 2^8*3^3*31*37^2*41*43*61*89*233
710085882036960000 424290619374599917 34560 2^8*3^3*5^4*11*13*17*19*29*41^2*73
711760498363200000 408417345923287567 15360 2^9*3*5^5*11*13*17*29^3*41*61
718525050877691136 362627577046143239 6912 2^8*3^3*31*37^2*41*43*67*89*233
725999806906800000 394833671556533089 3072 2^7*3*5^5*61*89*233*257*1861
740179431009076968 403555769326363657 12960 2^3*3^4*7^2*13^2*17^2*19*43*61^2*157
767751314410080000 479246136372561797 34560 2^8*3^3*5^4*7*11*13*19*29^2*41*271
814098542790420000 459354981586943329 8640 2^5*3^2*5^4*31*37^2*43*67*71*521
840730536516384000 472031312500122343 6912 2^8*3^2*5^3*61*73*89*101*233*313
847639949542800000 462587612579038087 3072 2^7*3*5^5*31*41*257*1321*1637
848564344183701600 522680057201475301 25920 2^5*3^4*5^2*7^2*13^2*17*19*29*401*421
874609417483502400 525352933889750111 12096 2^6*3^2*5^2*7^2*17*29*53*281*401*421
973810159692256512 498954953523059863 6912 2^8*3^3*17*19*29*41^2*53*401*421
982188257842759968 550224357655051907 25920 2^5*3^4*7^3*11^2*13^2*19*31*37^2*67
1016789629646700000 621022248599347229 25920 2^5*3^4*5^5*7^2*13^2*17*43*89*233
1087224872214027456 593633612596363169 12096 2^6*3^2*7*13^2*17*29^2*43*61*157*271
1138771234238476032 577591450593762593 6912 2^8*3^3*19*29^2*41*67*89*181*233
1166419706045416704 631197648522317671 6912 2^8*3^3*7*17*19*41^2*73*353*1723
1183823060219427600 709852291741458179 10800 2^4*3^2*5^2*7^4*17*31^2*41*73*2801
1186308351595130400 724134448253019299 25920 2^5*3^4*5^2*7^2*13^2*19*31*89*181*233
1217304051544148400 723446279869522949 10800 2^4*3^2*5^2*7^4*31^2*37*89*191*233
1232148767782923144 668140476357175681 12960 2^3*3^4*7^2*11^2*31*37^2*43^2*61*67
1276053775436400000 693568778152809337 3072 2^7*3*5^5*97*101*313*577*601
1279913282645400000 737643370169889481 12096 2^6*3^2*5^5*13^2*17*43*61*157*601
1293020281367348688 705941460324138427 10800 2^4*3^3*7^4*11^2*31^2*37^2*41*191
1303407684330600576 679109250827758799 3072 2^7*3*7*13*89*113*233*241*257^2
1306582441987680000 774779173185016213 34560 2^8*3^3*5^4*11*13*19*31*37^2*43*61
1352688266348534808 737623312909534567 12960 2^3*3^4*7^5*11^2*19^2*31*37^2*67
1407713134548420000 835998079267746809 8640 2^5*3^2*5^4*7^2*43*71*89*233*2521
1441402049859781464 781341511789577911 12960 2^3*3^4*7^2*13^2*17^2*37*43*61^2*157
1493628924284640000 890280012465505133 34560 2^8*3^3*5^4*11*13*17*19*41^2*61*73
1511829467768088000 901858465062115289 12096 2^6*3^2*5^3*7^2*31*37^2*43^3*127
1520776284936480000 901621718127694163 34560 2^8*3^3*5^4*11*13*19*31*37^2*43*71
1557284953032900000 949229769291553291 25920 2^5*3^4*5^5*7^2*13^2*19*43*157*181
1579951489510800000 958582076864796751 27648 2^7*3^2*5^5*7^2*17*19*29*37*43*601
1669707088555359672 909226174814544703 12960 2^3*3^4*7^2*13^2*17^2*19*61^2*97*157
1699979503023600000 923867889680342041 3072 2^7*3*5^5*89*197*233*577*601
1814062043317724928 987670650228325697 6912 2^8*3^3*7*13^2*19*61*73*1409*1861
1825784911525536000 1040648085040099007 6912 2^8*3^2*5^3*13^3*97*101*313*941
1894133975164345152 1028821856445008063 12096 2^6*3^2*7^2*17*19*29*31*37^2*401*421
1896367153084920576 965815607628435049 6912 2^8*3^3*17*29*37*41^2*53*401*421
2020437122381625600 1159386579831792751 6912 2^8*3^3*5^2*17*19*29*181*421*16381
2058424344986668848 1105996441712285077 10800 2^4*3^2*7^4*19*29*31^2*37^2*43*191
2075273906253408000 1238945910078640273 6912 2^8*3^3*5^3*7*29^2*41*271*36721
2281842726148920000 1271806698432913213 6720 2^6*3*5^4*11*43*61^2*89*233*521
2328876735683470560 1384206524192220739 1728 2^5*3^2*5*7^2*19*181*16381*585889
2375733328789200000 1294386124715720143 3072 2^7*3*5^5*31*257*313*601*1321
2425152967133854464 1241563655082761161 6912 2^8*3^3*13^2*29*37*73*157*401*421
2626250767784028000 1609545647899782757 25920 2^5*3^4*5^3*7^5*11^2*19^2*61*181
2663791915038564024 1393623707729029951 12960 2^3*3^4*11^2*13^2*19*31*37^2*61^2*67
2693131088315084352 1390377483986400023 12096 2^6*3^2*13^2*17*29^2*37*43*61*127*157
2732464060589206944 1533563358825159931 25920 2^5*3^4*7^2*11^2*13^2*17*29*37*137*421
2806743828268650816 1531087961174958559 12096 2^6*3^2*7*13^2*17*29^2*61*67*157*449
2868965438058720000 1778916508485343453 34560 2^8*3^3*5^4*7*11*13*29^2*41*71*271
2905188654324146112 1499817612986869513 12096 2^6*3^2*13^2*17*29^2*37*43*61*137*157
3147236916193112400 1884598665148284571 10800 2^4*3^2*5^2*7^4*17*31^2*73*109*2801
3211106017934453184 1750914141587312441 12096 2^6*3^2*7*13^2*17*29^2*61*127*157*271
3309752479531680000 2023099624074144347 34560 2^8*3^3*5^4*7*13*19*29^2*41*71*181
3342799507652635392 1705906326800816233 6912 2^8*3^2*17*19*29*37*137*181*401*421
3450583556872421112 1808256410007789263 12960 2^3*3^4*11^2*13^2*17*31*37^2*61^2*97
3526952511501776448 1922884686808457927 12096 2^6*3^2*7*13^2*17*29^2*67*127*157*271
3545780667161372640 2173670450991255311 8640 2^5*3^2*5*7^2*11*13^4*61*1409*1861
3548867244449220000 2000913436879072409 8640 2^5*3^2*5^4*31*37^2*43*89*233*521
3663539359849980000 2087736147828057799 8640 2^5*3^2*5^4*13^2*71*89*157*233*521
3666800659193568000 2097549501046592713 6912 2^8*3^3*5^3*13^2*61*157*1409*1861
3856534563563294184 2016950219772606841 12960 2^3*3^4*11^2*13^2*19*31*37^2*61^2*97
3876908557373280000 2297464104229019413 34560 2^8*3^3*5^4*11*13*19*31*37^2*43*181
4123154239085684088 2167301660477540287 12960 2^3*3^4*11^2*13^2*17^2*19*61^2*97*157
4519119786239520000 2778706884209053571 34560 2^8*3^3*5^4*7*11*19*29^2*41*89*233
4596193898879581440 2637698172466981511 6912 2^8*3^3*5*13^2*19*61*181*229*16381
4613047446563940384 2577850674441831491 25920 2^5*3^4*7^3*11^2*13^2*19*37*61^2*97
5790263090965617600 3474394582960433641 12096 2^6*3^2*5^2*7^2*19*31*37*127*181*16381
5962655420877339072 3218696223925506553 12096 2^6*3^2*7^2*17*29*31*37^2*43^3*127
6272207786737947600 3779139702012704891 10800 2^4*3^2*5^2*7^4*13*31^2*89*233*2801
6312015124633662912 3257788677234852713 12096 2^6*3^2*13^2*17*29^2*37*43*67*157*271
6681995708680306944 3387877714218921631 6912 2^8*3^3*19*29^2*41*67*181*271*449
6745251140989200000 4046684624020093999 27648 2^7*3^2*5^5*7^2*19*37*43*61*89*233
7713698078768783616 3909782118980465759 6912 2^8*3^2*17*29*37*53*73*281*401*421
7892387160921900000 4790356861279947341 25920 2^5*3^4*5^5*7^2*13^2*29*43*157*601
8487969476590800000 5104951421884372423 27648 2^7*3^2*5^5*7^3*17^2*31*37*89*233
9195676946611612416 4687462417125601609 6912 2^8*3^2*17*19*29*61*89*181*233*1861
9294905858500630368 5213224201077102757 25920 2^5*3^4*7^2*11^2*13^2*17*29*43*401*421
9527293471461572664 4958902430072627711 12960 2^3*3^4*11^2*13^2*29*31*37^2*61^2*157
9557205681283671600 5721809042543669029 10800 2^4*3^2*5^2*7^4*17*31^2*73*331*2801
9918337203508800000 5601713209678546663 15360 2^9*3*5^5*11*17*29*37*61*401*421
10145552600827800000 5839422792606082409 12096 2^6*3^2*5^5*13^2*17*61*127*157*1613
10579076171621298432 5720848126918060943 6912 2^8*3^3*7*13^2*41^3*73*137*1877
10715697329737982400 6502228406846400937 12096 2^6*3^2*5^2*7^2*13*19*89*181*233*16381
10865628572565133224 5680634235266507401 12960 2^3*3^4*11^2*13^2*17^2*37^2*43*157*307
11203252523213400000 6412167067159512553 12096 2^6*3^2*5^5*13^2*29*43*157*313*601
11340352055304032904 5924855825121082721 12960 2^3*3^4*11^2*13^2*17^2*37*61^2*137*157
11458493794628461152 6115186330172491973 25920 2^5*3^4*11^2*13^2*17*19*29^2*37*137*157
11633296802690332224 6345917558724652151 12096 2^6*3^2*7*13^2*17*29^2*61*67*157*1861
13037618478011912928 6913084182549185197 25920 2^5*3^4*11^2*13^2*19*29*31*37^2*67*157
13472814850760131776 7351685660515258849 12096 2^6*3^2*7*13^2*17*29^2*43*127*157*1613
13977016532201366784 7438639168927567591 6912 2^8*3^3*7*41^2*61*73*89*233*1861
14402139730185477888 7319386572133080737 6912 2^8*3^3*17*29*41^2*53*281*401*421
14460508578773746944 7845442681742787431 6912 2^8*3^3*7*13*29^2*41*67*271*36721
14814886456117800000 8521982718038689063 12096 2^6*3^2*5^5*13^2*17*97*157*313*601
15037333025527800000 8603398211110948561 12096 2^6*3^2*5^5*13^2*29*53*127*157*1613
16433277731458800000 8941896169107990937 3072 2^7*3*5^5*41*257*601*1321*1637
16887237095947680000 10313649970258547179 34560 2^8*3^3*5^4*7*11*29^2*41*71*89*233
16913248804536480000 9816731219424158971 34560 2^8*3^3*5^4*11*31*37^2*41*43*67*71
17057955086817120000 10271156176349865701 34560 2^8*3^3*5^4*7*19*29^2*41*67*71*181
17169519636229728768 9286527427073005607 15360 2^9*3*7*11*13^3*17^2*29*61*307*421
17233182389761056000 9666246984984179399 6912 2^8*3^2*5^3*89*97*101*233*313*941
17233687844057682144 9205626428445940931 1728 2^5*3^2*7^2*19*37*181*16381*585889
18506594597232575808 9517854777794533567 12096 2^6*3^2*13^2*17^2*37*43*89*127*157*233
18612581909908800000 10504217048538412831 15360 2^9*3*5^5*11*17*29^3*41*89*233
19112597811543442752 10421101867921166623 12096 2^6*3^2*7*13^2*17*29^2*61*127*157*1613
19454076370305539424 10803279109972563701 25920 2^5*3^4*7^5*11^2*17*19^2*29*89*233
19706324094787142592 10142646404096123033 12096 2^6*3^2*13^2*17*37*43*61^2*89*97*233
20646810116748664992 11013376600721961883 25920 2^5*3^4*11^2*13^2*17*19*31*37^2*157*181
21814894826198472960 12517642332573446639 6912 2^8*3^3*5*13^2*19*61*1229*1409*1861
23156810725790386944 12059338840756088681 6912 2^8*3^3*13*17*19*29*41^2*547*29921
23397787093321182528 12569549611992426847 12096 2^6*3^2*7^2*19*31*37^2*43^3*67*193
24421352046111532512 13653426272747695613 25920 2^5*3^4*7^3*11^2*13^2*19*37^2*43*1201
25060573360055520000 15088260225204557821 34560 2^8*3^3*5^4*7*19*29^2*41*61*89*233
25163614075042080000 14592418084335333971 34560 2^8*3^3*5^4*11*31*37^2*43*61*67*71
25594562914385400000 14606624437266938081 12096 2^6*3^2*5^5*13^2*43*89*157*233*601
26688789185778720000 16547936592044147203 34560 2^8*3^3*5^4*7*11*13*29^2*41*71*2521
29168864074818720000 17558457882745212971 34560 2^8*3^3*5^4*7*19*29^2*41*71*89*233
29958170081362800000 16328603620914317737 3072 2^7*3*5^5*29*257*1321*1549*1637
30336357828188835072 15724481444094697303 6912 2^8*3^3*13*17^2*19*89*181*233*16381
31172189659597350000 18873931808488888759 32400 2^4*3^4*5^5*7^2*13^2*37*43*61^2*157
32084371319608232352 17545049678357814523 25920 2^5*3^4*7^2*13^2*19*37*43*61^2*97*137
32375541688308000000 19940343747033816833 48384 2^8*3^3*5^6*7*13*17*19*29^2*67*181
35739003163132369152 18371827228027590223 6912 2^8*3^3*13*19*41^2*73*181*547*1723
36359743595356162800 22168314125619281527 32400 2^4*3^4*5^2*7^2*13^2*19*29*61^2*157*421
36525207380609499552 20367356507785347323 25920 2^5*3^4*7^3*11^2*13^2*19*61^2*157*181
36708224226119123832 19927500641781130543 12960 2^3*3^4*7^5*11^2*19^2*61^2*89*233
38673247106728253376 20761224412564982249 12096 2^6*3^2*7^2*17^2*29*61*89*233*307*421
39071595872404333056 20693670475320276319 15360 2^9*3*7*13^3*17^2*29*31*89*233*307
40199989036813200000 24231711459230487391 27648 2^7*3^2*5^5*7^2*17*29*31*43*577*601
40292103812417425152 20267909633459963473 6912 2^8*3^3*29^2*41*67*89*233*271*449
42388840940504306976 23178464189859714899 25920 2^5*3^4*7^2*13^2*19*37*43*61^2*97*181
46227215482134969600 26201009484236764951 6912 2^8*3^3*5^2*19*89*181*229*233*16381
46906461405786887424 24091612134731341751 6912 2^8*3^3*13^2*19*61*73*181*1409*1861
47074246730217757440 26851047874285207561 6912 2^8*3^3*5*13^2*41*61*1229*1409*1861
47211987682516800000 27046637245514168383 15360 2^9*3*5^5*11*13*17*29*61*1229*1861
47300835427005199104 24387741441439954121 6912 2^8*3^3*13*19*29^2*41*181*271*16381
47671119532539360000 28199210674024197917 34560 2^8*3^3*5^4*11*13*17*41^2*71*73*521
48703383933275316672 26213881136994488953 12096 2^6*3^2*7^2*17*31*37^2*43^3*67*449
48846009306360000000 28431278421347688049 15360 2^9*3*5^7*7*17^2*31*89*233*313
50293273207722967296 26948628675924142079 6912 2^8*3^3*7*19*41^2*73*353*733*1723
50698044482535676512 26985031262665276613 25920 2^5*3^4*11^2*13^2*17*19*37*61^2*137*157
51118874465124960000 29610491538076844581 34560 2^8*3^3*5^4*13*19*29^2*41*67*89*233
52629204171480300000 31849748677653511837 25920 2^5*3^4*5^5*7^2*13^2*43*97*313*601
53511880971910087584 28339928785200859291 25920 2^5*3^4*11^2*13^2*17^2*29*37*89*157*233
55566325843072200000 31712946220227960319 12096 2^6*3^2*5^5*13^2*43*89*127*233*1613
56275822726896191328 31007046266774261797 25920 2^5*3^4*7^2*13^2*17*19*43*61^2*97*523
56513280688722583488 30417332423441642137 12096 2^6*3^2*7^2*17*31*37^2*43^3*67*521
59380868521531526112 31387720257657850013 25920 2^5*3^4*11^2*13^2*19*31*37^2*67*89*233
59512533853096187136 32414340774000597239 6912 2^8*3^3*7*13*19*41^2*181*547*29921
60766557119938800000 35234530144148818081 27648 2^7*3^3*5^5*13^3*17^2*29^2*41*257
62664880222090080000 36564233010655267397 34560 2^8*3^3*5^4*11*19*31*37^2*43*73*521
64602786501960000000 37557153072557881199 15360 2^9*3*5^7*7*17^2*41*89*233*313
65767443228468124416 35680764896835341209 6912 2^8*3^3*7*13*29^2*41*67*449*100801
66115768726242248832 36086410770472985543 27648 2^7*3^3*7*13^2*29^2*31*37^2*41*43*257
67104430923641889024 34467341311018755151 6912 2^8*3^3*13^2*19*61*73*181*229*16381
69700928820915614976 35827763914439369399 6912 2^8*3^3*13*19*41^2*73*353*547*1723
71048373311386800000 42720069448099866281 27648 2^7*3^2*5^5*7^2*17*29*43*101*313*601
72939526446150000000 44259655183686426977 27648 2^7*3^3*5^8*7*13*29^2*41*67*257
74204280529535639736 38222787134859073039 12960 2^3*3^4*11^2*17^2*31*37^2*61^2*89*233
74360061937213920000 44741711957795492221 34560 2^8*3^3*5^4*7*19*29^2*41*89*181*233
78335662660436273664 40009031050210210711 15360 2^9*3*11*13^3*17^2*31*37*89*233*307
80385272616106080000 48791295390476731429 34560 2^8*3^3*5^4*7*17*19*29*41^2*401*421
81960865057990800000 49292082359571675583 27648 2^7*3^3*5^5*7^2*17^2*43*89*233*601
82185080972988424704 43412507108486184671 15360 2^9*3*7*13^3*17^2*31*61*89*233*307
82871874463669200000 50261285646692824199 27648 2^7*3^3*5^5*7*13^2*29^2*41*313*601
83419377199678800000 50360432941007270231 27648 2^7*3^2*5^5*7^2*17*19*43*181*313*601
85352470322581800000 48741264808708068599 12096 2^6*3^2*5^5*13^2*43*53*127*601*1613
85599676977438000000 47763361612717976231 21504 2^7*3*5^6*13*29*31*37^2*43*89*233
86458443379688160000 50660218378877778269 34560 2^8*3^3*5^4*11*17*19*61^2*73*89*233
88335361173413260368 48146680822813414747 10800 2^4*3^3*7^4*11^2*31^2*37^2*191*2801
88644194254551600000 53299606037684898361 27648 2^7*3^2*5^5*7^2*17*31*37*137*313*601
91044241796603587968 49409815056190552657 27648 2^7*3^2*7^2*17^2*19*29*37*43*89*233*307
92189092352699886336 47049670819150759289 6912 2^8*3^3*13^2*41^3*61*73*137*1877
93964613499349886592 48826025715648472783 27648 2^7*3^3*13^2*17^2*29*31*37^2*43*67*157
97180157072653200000 58780679305794601567 27648 2^7*3^2*5^5*7^2*13^3*31*43*313*601
97960038894672240000 55456170210436346077 15360 2^7*3*5^4*11*13*61^2*71*89*233*521
98677835331245621568 50524962307987265807 12096 2^6*3^3*13^2*29^2*41*61^2*89*127*233
99175698948435355584 51045014629937210041 12096 2^6*3^3*13^2*17^2*61^2*89*97*157*233
99958641198319800000 57490796021934378209 12096 2^6*3^2*5^5*13^2*17*127*157*601*1613
