# T245 proper-divisor family: all 188 members with m <= 1e18 (complete).
# columns: m  p  tau(m)  factorization of m
60 31 12 2^2*3*5
286650 143909 108 2*3^2*5^2*7^2*13
308700 175303 108 2^2*3^2*5^2*7^3
389844 202481 108 2^2*3^2*7^2*13*17
1441188 735337 108 2^2*3^2*7^2*19*43
36580068 18489817 108 2^2*3^2*7^2*89*233
76698960 42217079 240 2^4*3*5*13^2*31*61
826169400 494317729 864 2^3*3^2*5^2*7^2*17*19*29
883146600 528199271 864 2^3*3^2*5^2*7^2*17*19*31
3943157400 2367409897 864 2^3*3^2*5^2*7^2*13*19*181
5156436600 3075687521 864 2^3*3^2*5^2*7^2*17*19*181
8147739600 5083430447 2160 2^4*3^2*5^2*7^2*11*13*17*19
8897460000 5077110953 960 2^5*3*5^4*11*13*17*61
20009220000 11766858113 960 2^5*3*5^4*7*11*61*71
26158532400 16214526353 2160 2^4*3^2*5^2*7^2*11*13*17*61
65883636000 40022960429 1728 2^5*3^2*5^3*7^2*13^3*17
112834965600 67749817259 1728 2^5*3^3*5^2*7^2*19*31*181
243898340400 143881909009 2160 2^4*3^2*5^2*11*13*17*29*31^2
286940530800 174949628281 2160 2^4*3^2*5^2*7^2*11*19*43*181
377486756712 192386642663 864 2^3*3^2*13^2*17*31*37^2*43
526927170000 309045052931 1200 2^4*3*5^4*7*11^2*89*233
611809800000 353317425127 1344 2^6*3*5^5*7*31*37*127
613400460000 337515376871 960 2^5*3*5^4*17*29*89*233
621861156000 371996720453 1728 2^5*3^2*5^3*7^2*17*89*233
903527679600 546882305897 2160 2^4*3^2*5^2*7^2*13*19*89*233
986666460000 545235645503 960 2^5*3*5^4*13*61*89*233
1041904500000 613809482371 1344 2^5*3*5^6*7*13*17*449
1132240200000 661402854439 1344 2^6*3*5^5*7*13*89*233
1213034004000 730189277773 1728 2^5*3^2*5^3*7^2*13^3*313
1487741923512 750983582113 864 2^3*3^2*13^2*31*37^2*43*67
1803397352400 1079926419071 2160 2^4*3^2*5^2*7^2*17*29*89*233
2361310739424 1280313582451 1728 2^5*3^3*7*13^2*29^2*41*67
2373420660000 1323517707353 960 2^5*3*5^4*13*17*71*2521
2629361732400 1523536102609 2160 2^4*3^2*5^2*13*17*19*31^2*181
3020041034010 1554530857207 1620 2*3^4*5*7^2*11^2*13^2*61^2
3486201223752 1758811910623 864 2^3*3^2*13^2*31*37^2*43*157
3519428348700 1946832150433 1620 2^2*3^4*5^2*11^2*37^2*43*61
3701554500000 2146885033547 1344 2^5*3*5^6*7*17*89*233
3793353051600 2265994350079 2160 2^4*3^2*5^2*7^2*17*61*89*233
4167454200000 2433908407993 1344 2^6*3*5^5*7*13*127*601
4660019806176 2506340165699 1728 2^5*3^2*7^2*17*29*37*43*421
9550973289312 5175501797563 1728 2^5*3^3*7*13^2*29^2*41*271
10072789511904 5441193234371 1728 2^5*3^2*7^2*17*19*29*181*421
12077999521056 6433407557069 1728 2^5*3^2*7^3*31*37^2*43*67
14509672750188 7610178879337 1620 2^2*3^4*7^5*11^2*19^2*61
17108644123872 9214236634003 1728 2^5*3^2*7^2*17*19*89*181*233
20577136443552 10530693091573 1728 2^5*3^3*13^2*29^2*41*61*67
23324999403888 12682657961737 2160 2^4*3^2*7*13^2*17*29^2*61*157
25600075800000 14161619908609 1344 2^6*3*5^5*13*43*127*601
26671600200000 15372034881383 1344 2^6*3*5^5*7*31*127*1613
34537682190000 19194944994509 1200 2^4*3*5^4*11^2*37*137*1877
50396952564000 29867496472109 1728 2^5*3^2*5^3*7^2*97*313*941
59624179725600 35701121220509 1728 2^5*3^3*5^2*7^2*19*181*16381
77362580022624 39479161974251 1728 2^5*3^2*13^3*31*37^2*43*67
91416458626272 46748649427603 1728 2^5*3^3*13^2*29^2*41*67*271
100339474200000 57667694211313 1344 2^6*3*5^5*7*127*313*601
101813595904944 55614370228481 2160 2^4*3^2*7^2*11*17*61^2*89*233
137386439944416 70595680577459 1728 2^5*3^3*13^2*17^2*89*157*233
179572669800000 97884719469151 1344 2^6*3*5^5*37*43*313*601
185276754412704 93834169440421 1728 2^5*3^2*17*31*37^2*43*89*233
208230048180000 127527860101393 8640 2^5*3^2*5^4*7^2*11*19*37*43*71
242298676620000 150074660368639 8640 2^5*3^3*5^4*7*11*13^2*29^2*41
257882492984688 135056474200937 2160 2^4*3^2*11*13^2*17*61^2*97*157
326683161420000 191872812917063 960 2^5*3*5^4*7*11*521*135721
350287844577600 190998524091719 1344 2^6*3*5^2*31*61*89*233*1861
432659182176000 251636128926977 6912 2^8*3^2*5^3*13^3*17*19*29*73
439917193915056 228873338343569 2160 2^4*3^2*11*13^2*29*61^2*97*157
491050873144728 246310338199897 864 2^3*3^2*13^2*61^2*89*233*523
540323070000000 314491356566113 3072 2^7*3*5^7*7*17^2*29*307
564754402322208 301967253719917 1728 2^5*3^2*7^2*17*61*89*233*1861
580936400163504 314326726120321 2160 2^4*3^2*7^2*11*61^2*89*97*233
597776068890000 371161273777939 10800 2^4*3^2*5^4*7^2*11^2*13*17*37*137
668528049420000 406742657845807 8640 2^5*3^2*5^4*7^2*11*37*43*61*71
717172801632000 431346785546977 6912 2^8*3^3*5^3*7*19*29^2*41*181
911273670946548 470971756074647 1620 2^2*3^4*7^2*13^2*61^2*97*941
1073778062112000 645799538862727 6912 2^8*3^3*5^3*7*19*29^2*41*271
1092893339083104 556407349043771 1728 2^5*3^3*13^2*61^2*89*97*233
1322367423651456 693419204082919 3072 2^7*3*7*13*31*37^2*43*89*233
1325207730686112 714375212583013 1728 2^5*3^2*7^2*13^3*41*73*14281
2371924664098704 1233658389201671 2160 2^4*3^2*11*13^2*29*61^2*157*523
2641936727430000 1639364066379181 10800 2^4*3^2*5^4*7^2*11^2*13*17*43*521
2700390068064000 1565614357654273 6912 2^8*3^2*5^3*13^3*17*19*73*181
3132265332840336 1694276612172439 2160 2^4*3^2*7^2*11*61^2*89*233*523
3191571704462400 1938390952030807 12096 2^6*3^2*5^2*7^2*17*19*29*31*37*421
3866794397856000 2229746083868063 6912 2^8*3^3*5^3*13^2*19*61*73*313
4512495611490048 2483202147400577 6912 2^8*3^3*7*13*17*19*41^2*73*181
4905677658420000 2983153215535057 8640 2^5*3^2*5^4*7^2*11*37*43*61*521
5969358305820000 3618189597099239 8640 2^5*3^3*5^4*7*13^2*29^2*41*271
6185598048630000 3805105987618381 10800 2^4*3^2*5^4*7^2*11^2*13*43*89*233
6201117698662224 3180320060175151 2160 2^4*3^2*13^2*17*29^2*61*157*1861
6469261811095392 3265719248401483 1728 2^5*3^2*17^2*29*89*233*307*421
6828069275820000 3931258126249631 8640 2^5*3^3*5^4*13^2*31*37^2*41*43
7127765905726800 4008250175694431 2160 2^4*3^2*5^2*31^3*37^2*43*1129
7482085536796416 4091321262294209 6912 2^8*3^3*7*13*19*29^2*41*67*271
8549730881177616 4342077264028759 2160 2^4*3^2*13^2*29*61^2*89*157*233
10058898036330000 5923961335053331 10800 2^4*3^2*5^4*11^2*13*17*37^2*43*71
10954854228830400 6641634149936833 12096 2^6*3^2*5^2*7^2*17*19*29*31*127*421
11544946292552400 7068996506146859 10800 2^4*3^2*5^2*7^4*13*17*19*31^2*331
12396518103400704 6778443787508671 6912 2^8*3^3*7*13*19*29^2*41*67*449
14249781536809104 7459698779626871 2160 2^4*3^2*11*13^2*17*61^2*523*1609
15611773875390000 9475225558148549 10800 2^4*3^2*5^4*7^3*11^2*37^2*43*71
15921147516446400 8655629205149881 1344 2^6*3*5^2*61*89*233*1409*1861
17509884170976000 10019041204969721 6912 2^8*3^2*5^3*17*19*29*89*233*313
18124075271476512 9282649843711613 1728 2^5*3^2*13^2*17*61*157*1229*1861
20512837767621888 10679271209250487 6912 2^8*3^3*13^2*17*19*29*61*73*421
20830827144477600 11676142867485301 1728 2^5*3^2*5^2*61*89*233*1229*1861
24923169061572600 15093108230678671 12960 2^3*3^4*5^2*7^2*13^2*17^2*31*89*233
28120926871556064 15186241719465811 1728 2^5*3^3*7*13^2*41^2*547*29921
32655866800944000 17933990801111681 3072 2^7*3*5^3*17^2*61*89*233*1861
37782236122765056 19522232701175569 6912 2^8*3^3*13*19*31*37^2*43*67*181
40414629480065568 21744209038400557 1728 2^5*3^2*7^2*13^3*97*941*14281
40415194820400000 22245180262041409 3072 2^7*3*5^5*17*29*197*577*601
43200788441822592 22459609186693033 3072 2^7*3*7*17^2*29*37*307*401*421
46808173698352416 24780082454851309 1728 2^5*3^2*7^2*61*89*233*1409*1861
57716514147297600 34639901710876543 12096 2^6*3^2*5^2*7^2*19*31*37*89*181*233
59868030721824000 34186620027196199 6912 2^8*3^2*5^3*13^3*41*73*101*313
60456855356913600 34843101968584409 12096 2^6*3^3*5^2*13^2*29^2*31*41*61*127
62527433240487600 38037370163061349 10800 2^4*3^3*5^2*7^4*11^2*31^2*89*233
63683016748704000 36170411744570911 6912 2^8*3^3*5^3*19*41^2*73*101*313
66765691369137600 40025043877181017 12096 2^6*3^2*5^2*7^2*19*31*61*89*127*233
74928099211020000 43213717010422559 8640 2^5*3^2*5^4*11*31*37^2*43*89*233
78249759734577600 45148652987019161 12096 2^6*3^3*5^2*13^2*29^2*31*37*41*271
80811570090000000 44344651873526663 3072 2^7*3*5^7*17^2*97*307*313
83859205677541632 43414667972567743 6912 2^8*3^3*13*17*31*37^2*43*67*449
84920177927163600 50995239809779387 10800 2^4*3^2*5^2*7^4*17*29*31^2*89*233
90001024314336000 50951721422445433 6912 2^8*3^2*5^3*19*41*73*97*181*313
104173652473857792 56020803040392833 6912 2^8*3^3*7*19*29^2*41*67*181*271
112234032170208000 64366424998416713 6912 2^8*3^3*5^3*13^2*29*157*401*421
118976099099542272 63964244336283353 6912 2^8*3^3*7*19*29^2*41*89*181*233
123828105512430000 71539982148594229 10800 2^4*3^3*5^4*11^2*31^2*37^2*43*67
137246044501800000 79492277139898423 12096 2^6*3^3*5^5*13^2*17*29^2*67*157
139533478576830000 80405994975991253 10800 2^4*3^2*5^4*13^2*17*29^2*61*67*157
145196182322650368 79125234492834007 6912 2^8*3^3*7*13*19*41^2*73*181*547
154189974167444592 78031841723861033 2160 2^4*3^2*13^2*61^2*89*157*233*523
159857001712980000 94009403376007649 8640 2^5*3^2*5^4*11*13^2*17*71*157*2521
160844134139769600 93028803260446793 6912 2^8*3^3*5^2*13*19*31*41*181*16381
163040981079098304 89190792711917321 12096 2^6*3^2*7*13^2*17*29^2*37*43*67*157
163487927479968000 98755762800444991 6912 2^8*3^3*5^3*7*13^2*61*1409*1861
169309772485344000 95732504736687673 6912 2^8*3^3*5^3*29^2*41*67*271*313
181641988045200000 98992523824145543 3072 2^7*3*5^5*31*101*257*313*601
193465354594307328 99813725501013047 6912 2^8*3^3*13*19*29^2*41*67*181*271
210154127058144000 118841792346263801 6912 2^8*3^2*5^3*19*61*89*97*233*313
220955612613435648 113965939215229727 6912 2^8*3^3*13*19*29^2*41*89*181*233
227825016131950848 116802890967158527 6912 2^8*3^3*13*31*37^2*43*67*89*233
249092594907156000 154161365189869507 25920 2^5*3^4*5^3*7^2*11^2*13^2*37*89*233
249948495338220000 148466255150064959 8640 2^5*3^2*5^4*7^2*43*61*89*233*521
262589586726115584 134523652584333791 6912 2^8*3^3*13*29^2*41*61*67*89*233
268587013143009600 154686776709143759 12096 2^6*3^3*5^2*13^2*29^2*31*41*127*271
268797293130405312 146852419635610313 12096 2^6*3^2*7*13^2*17*29^2*43*61*67*157
277595190285984000 157892616335905567 6912 2^8*3^2*5^3*17*29*37*313*401*421
277787149485300000 169641414425708339 25920 2^5*3^4*5^5*7^2*13^2*19*37*43*137
303156364749633792 154010598113715583 6912 2^8*3^3*19*31*37^2*43*61*89*233
310961292814920000 173411511114784963 6720 2^6*3*5^4*11*43*61^2*71*89*233
333382304594574144 182287808067535231 12096 2^6*3^2*7*13^2*17*29^2*37*43*137*157
335474923477620000 182211508352228281 960 2^5*3*5^4*71*521*2521*59957
343422735086340000 208727235009646361 8640 2^5*3^2*5^4*7^2*13^3*17*73*14281
360711669587666688 183973478644455937 6912 2^8*3^2*17*19*29*61*73*89*181*233
367199883279954144 195744860664072131 1728 2^5*3^2*7^2*19*181*229*2017*16381
383017821190149600 235937961991907501 25920 2^5*3^4*5^2*7^2*13^2*17*19*29*181*421
391660069688400000 213447298733461487 3072 2^7*3*5^5*31*97*313*577*601
421245806210775000 252577649992025783 12960 2^3*3^4*5^5*7^2*13^2*43*61^2*157
457787151013190400 261048622452287177 6912 2^8*3^3*5^2*19*31*37*41*181*16381
461380113534600000 264300845135675503 12096 2^6*3^2*5^5*13^2*29*43*61*127*157
467905877788896000 264871111366002233 6912 2^8*3^2*5^3*19*41*73*97*313*941
484800790034153736 255864528840189889 12960 2^3*3^4*11^2*13^2*17^2*19*31*37^2*157
498377711222820000 290639736474053129 8640 2^5*3^2*5^4*11*13^2*53*71*157*2521
509511286978529472 278235413621861153 12096 2^6*3^2*7*13^2*17*29^2*43*61*127*157
517024858596537600 292304715880327751 6912 2^8*3^3*5^2*31*41*61*89*233*1861
530567919701445600 306732937522213151 8640 2^5*3^2*5^2*13^4*17*29*31*401*421
571456862203500000 345867096111080261 12096 2^5*3^3*5^6*7*13^2*29^2*157*271
616539126054020400 375102548270392517 10800 2^4*3^3*5^2*7^4*11^2*31^2*73*2801
623572081926624000 352396435865390201 6912 2^8*3^2*5^3*19*89*97*181*233*313
628161974803835136 335244214377924239 6912 2^8*3^3*7*29^2*41*67*89*233*271
630712216976328864 321217966511674261 1728 2^5*3^3*13^2*41^2*157*547*29921
654179523933420288 330198713446105337 6912 2^8*3^3*31*37^2*41*43*61*89*233
710085882036960000 424290619374599917 34560 2^8*3^3*5^4*11*13*17*19*29*41^2*73
711760498363200000 408417345923287567 15360 2^9*3*5^5*11*13*17*29^3*41*61
718525050877691136 362627577046143239 6912 2^8*3^3*31*37^2*41*43*67*89*233
725999806906800000 394833671556533089 3072 2^7*3*5^5*61*89*233*257*1861
740179431009076968 403555769326363657 12960 2^3*3^4*7^2*13^2*17^2*19*43*61^2*157
767751314410080000 479246136372561797 34560 2^8*3^3*5^4*7*11*13*19*29^2*41*271
814098542790420000 459354981586943329 8640 2^5*3^2*5^4*31*37^2*43*67*71*521
840730536516384000 472031312500122343 6912 2^8*3^2*5^3*61*73*89*101*233*313
847639949542800000 462587612579038087 3072 2^7*3*5^5*31*41*257*1321*1637
848564344183701600 522680057201475301 25920 2^5*3^4*5^2*7^2*13^2*17*19*29*401*421
874609417483502400 525352933889750111 12096 2^6*3^2*5^2*7^2*17*29*53*281*401*421
973810159692256512 498954953523059863 6912 2^8*3^3*17*19*29*41^2*53*401*421
982188257842759968 550224357655051907 25920 2^5*3^4*7^3*11^2*13^2*19*31*37^2*67
