2 1 
2 2 
2 3 
2 4 
2 5 
2 6 
2 7 257
2 8 
2 9 
2 10 683
2 11 
2 12 2731 8191
2 13 
2 14 331
2 15 257 65537
2 16 43691 131071
2 17 
2 18 174763 524287
2 19 61681
2 20 337 5419
2 21 397 683 2113
2 22 178481 2796203
2 23 257 673
2 24 251 601 1801 4051
2 25 1613 2731 8191
2 26 87211 262657
2 27 15790321
2 28 1103 2089 3033169
2 29 331 1321
2 30 715827883 2147483647
2 31 257 641 65537 6700417
2 32 683 20857 599479
2 33 953 26317 43691 131071
2 34 281 86171 122921
2 35 433 38737
2 36 1777 25781083 616318177
2 37 457 174763 524287 525313
2 38 2731 8191 121369 22366891
2 39 257 61681 4278255361
2 40 13367 164511353 8831418697
2 41 337 1429 5419 14449
2 42 431 9719 2099863 2932031007403
2 43 353 397 683 2113 2931542417
2 44 331 631 23311 18837001
2 45 277 1013 1657 30269 178481 2796203
2 46 283 2351 4513 13264529 165768537521
2 47 257 673 65537 22253377
2 48 4363953127297 4432676798593
2 49 251 601 1801 4051 8101 268501
2 50 307 2143 2857 6529 11119 43691 131071
2 51 1613 2731 8191 858001 308761441
2 52 6361 69431 20394401 28059810762433
2 53 87211 246241 262657 279073
2 54 683 881 2971 3191 201961 48912491
2 55 257 5153 15790321 54410972897
2 56 571 32377 174763 524287 1212847 160465489
2 57 1103 2089 3033169 107367629 536903681
2 58 2833 37171 179951 1824726041 3203431780337
2 59 331 1321 61681 4562284561
2 60 768614336404564651 2305843009213693951
2 61 5581 8681 49477 384773 715827883 2147483647
2 62 337 5419 92737 649657 77158673929
2 63 257 641 65537 274177 6700417 67280421310721
2 64 2731 8191 409891 7623851 145295143558111
2 65 397 683 2113 20857 312709 599479 4327489
2 66 7327657 193707721 761838257287 6713103182899
2 67 953 26317 43691 131071 354689 2879347902817
2 68 178481 2796203 168749965921 10052678938039
2 69 281 86171 122921 7416361 47392381
2 70 228479 48544121 56409643 212885833 13952598148481
2 71 257 433 577 673 38737 487824887233
2 72 439 1753 2298041 9361973132609 1795918038741070627
2 73 593 1777 25781083 184481113 231769777 616318177
3 1 
3 2 
3 3 
3 4 
3 5 
3 6 547 1093
3 7 
3 8 757
3 9 1181
3 10 661 3851
3 11 6481
3 12 398581 797161
3 13 547 1093 16493
3 14 271 4561
3 15 21523361
3 16 307 1021 1871 34511
3 17 757 530713
3 18 1597 2851 101917 363889
3 19 1181 42521761
3 20 547 1093 2269 368089
3 21 661 3851 5501 570461
3 22 1001523179 23535794707
3 23 577 769 6481
3 24 8951 391151 22996651
3 25 398581 797161 4795973261
3 26 433 757 8209 19441 19927
3 27 547 1093 16493 430697 647753
3 28 523 6091 28537 5385997 20381027
3 29 271 1181 4561 47763361
3 30 683 6883 102673 4404047 22434744889
3 31 21523361 926510094425921
3 32 661 3851 25411 176419 2413941289
3 33 307 1021 1871 34511 956353 1743831169
3 34 547 1093 2664097031 374857981681
3 35 757 6481 530713 282429005041
3 36 18427 107671 13097927 56737873 17189128703
3 37 1597 2851 101917 363889 5301533 25480398173
3 38 313 2887 6553 7333 10141 398581 797161
3 39 1181 14401 42521761 128653413121
3 40 33703 2526913 86950696619 270547105429567
3 41 547 1093 2269 2857 16493 368089 109688713
3 42 431 380808546861411923 82064241848634269407
3 43 661 3851 5501 570461 2382953 56625998353
3 44 271 757 1621 4561 387631 755551 927001
3 45 12553493 1001523179 23535794707 70601370627701
3 46 1223 16921 21997 256057 5112661 96656723 1534179947851
5 1 
5 2 
5 3 313
5 4 521
5 5 601
5 6 449 19531
5 7 313 11489
5 8 829 5167
5 9 521 9161
5 10 5281 12207031
5 11 313 601 390001
5 12 5227 38923 305175781
5 13 449 19531 234750601
5 14 521 1741 7621
5 15 313 2593 11489 29423041
5 16 409 3061 41540861 466344409
5 17 601 829 5167 6597973
5 18 761 6271 19609 213029 3981071
5 19 313 521 9161 632133361
5 20 379 449 7603 19531 519499
5 21 5281 12207031 1030330938209
5 22 8971 332207361361 42272797713043
5 23 313 601 11489 390001 152587500001
5 24 251 401 521 1901 9384251 50150933101
5 25 5227 38923 305175781 83181652304609
5 26 271 487 829 4159 5167 31051 16018507
5 27 313 449 19531 234750601 59509429687890001
5 28 35671 5096867 6090817323763 22125996444329
5 29 521 601 1741 2281 7621 9161 69566521
5 30 1303 1861 21207101 28086211607 625552508473588471
5 31 313 641 2593 11489 29423041 75068993 241931001601
7 1 
7 2 
7 3 1201
7 4 2801
7 5 
7 6 911 4733
7 7 1201 169553
7 8 1063 117307
7 9 281 2801 4021
7 10 1123 293459 10746341
7 11 409 1201
7 12 228511817 16148168401
7 13 911 4733 13564461457
7 14 2801 159871 6568801
7 15 353 1201 169553 47072139617
7 16 14009 2767631689 29078814248401
7 17 1063 117307 13841169553
7 18 419 351121 4058036683 4534166740403
7 19 281 1201 2801 4021 810221830361
7 20 911 4733 51031 309079 11898664849
7 21 661 1123 1409 293459 10746341 83960385389
7 22 3083 31479823396757 3421093417510114543
7 23 409 1201 169553 33232924804801
7 24 2551 2801 31280679788951 79787519018560501
7 25 228511817 16148168401 1195857367853217109
7 26 811 1063 2377 117307 2583253 1628413557556843
11 1 
11 2 
11 3 7321
11 4 3221 13421
11 5 1117
11 6 45319 1623931
11 7 7321 6304673
11 8 590077 1772893
11 9 3221 13421 212601841
11 10 15797 58367 1806113
11 11 1117 7321 10657 20113
11 12 911 1093 59583967 3158528101
11 13 1933 45319 1623931 55527473
11 14 3221 13421 7537711 195019441
11 15 7321 51329 6304673 447600088289
11 16 71707 264793 2218331 50544702849929377
11 17 1117 590077 1772893 3138426605161
11 18 83791 1390636259 6115909044841454629
11 19 3221 7321 13421 212601841 1120648576818041
11 20 1723 8527 27763 45319 1623931 3421169496361
11 21 15797 58367 251857 1806113 2649263870814793
13 1 
13 2 
13 3 14281
13 4 2411 30941
13 5 28393
13 6 22079 5229043
13 7 14281 407865361
13 8 271 937 1609669
13 9 421 601 641 2411 30941
13 10 419 859 18041 128011456717
13 11 14281 28393 815702161
13 12 13417 20333 79301 264031 1803647
13 13 22079 5229043 23161037562937
13 14 2411 4651 30941 161971 28325071
13 15 2657 14281 441281 283763713 407865361
13 16 443 15798461357509 617886851384381281
13 17 271 937 28393 428041 1471069 1609669
13 18 12865927 9468940004449 104422877883960436477
13 19 421 601 641 2411 14281 29881 30941 543124566401
17 1 
17 2 307
17 3 41761
17 4 88741
17 5 307 83233
17 6 22796593 25646167
17 7 18913 41761 184417
17 8 307 1423 5653 1270657
17 9 21881 63541 88741
17 10 947 87415373 2141993519227
17 11 307 1321 41761 72337 83233
17 12 65651 212057 2001793 2919196853
17 13 5766433 22796593 25646167 100688449
17 14 307 88741 238212511 6566760001
17 15 257 18913 41761 184417 1801601 52548582913
17 16 10949 1749233 2699538733 45957792327018709121
17 17 307 1423 2089 5653 83233 382069 1270657
19 1 
19 2 
19 3 3833
19 4 911 2251
19 5 769
19 6 701 70841 226871
19 7 3833 15073 563377
19 8 523 29989 236377
19 9 911 2251 16936647121
19 10 104281 62060021 253239693257
19 11 769 3833 4297 3952393
19 12 313 599 29251 176021 291331 133338869
19 13 701 5237 70841 226871 14533200697
19 14 271 911 2251 1081291 2460181
19 15 3833 15073 563377 1486811410142377153
19 16 3044803 99995282631947 274019342889240109297
19 17 523 769 29989 35533 211573 236377
23 1 
23 2 
23 3 139921
23 4 292561
23 5 7549
23 6 673 2969 5336717
23 7 3697 139921 623009
23 8 271 1117 7792003
23 9 941 272341 292561
23 10 3937230404603 39700406579747
23 11 937 7549 139921 83575993
23 12 47691619 480393499 21001515080686141
23 13 673 2969 10781 598193 3391669 5336717
23 14 292561 541119751 74912328481
23 15 3697 139921 623009 15887591750468908417
23 16 117539 209209825938101 62246266355102810647
29 1 421
29 2 271
29 3 421 353641
29 4 401 732541
29 5 271 313 421
29 6 88009573 574995877
29 7 421 26209 353641 561377
29 8 271 14437 41203 10435069
29 9 401 421 1061 732541 470925821
29 10 5618383 72384467 18944890940537
29 11 271 313 421 9001 353641 55576681
29 12 521 3407 7489 148123 252918667 4748492087
29 13 421 88009573 427822081 574995877 826031641
29 14 271 401 22111 120691 732541 517475046481
29 15 421 26209 353641 561377 125123236840173674393761
31 1 
31 2 331
31 3 409 1129
31 4 17351 21821
31 5 331 922561
31 6 11971 71821 917087137
31 7 409 1129 25085030513
31 8 331 577 3637 81343 1538083
31 9 17351 21821 4707206941
31 10 397 617 757241 150332843 1048563011
31 11 331 409 1129 922561 852890113921
31 12 17863 42407 2426789 7908811 42716694944587
31 13 7253 11971 13469 71821 277739477 917087137
31 14 331 2521 17351 21821 327412201 880374069121
37 1 
37 2 
37 3 10529
37 4 4271 1824841
37 5 144061
37 6 37140797 2498207293
37 7 10529 103308219233
37 8 92251 12892843
37 9 4271 1824841 11507920001
37 10 2069 2663 98389112119 1855860368209
37 11 10529 144061 3512477579761
37 12 591163 204576480239 6765811783780036261
37 13 673 745529 37140797 452091109 2498207293
37 14 601 2671 4021 4271 318211 1824841 6002229721
41 1 
41 2 547 1723
41 3 10313
41 4 4111 579281
41 5 547 1723 1993
41 6 9329993 113229229
41 7 10313 234850742033
41 8 487 547 1723 30853 9753949
41 9 761 4111 579281 103826101
41 10 2311 132947 4499415031 5669871130991
41 11 547 1723 1993 10313 432121 18478441
41 12 11831 110969 432589 17615988547 644522798011
41 13 9329993 113229229 22550075621233982641
43 1 
43 2 631
43 3 521
43 4 3341101 3500201
43 5 631 3416953
43 6 5839 158341 6177695707
43 7 521 5844100138801
43 8 631 3079 57993427
43 9 4481 3341101 3500201 12716981
43 10 359063 3470039 6038099 3664405207
43 11 313 521 631 3416953 5273617
43 12 55147 13361016018611 40911050578149780601
43 13 5839 158341 210113 297641 22021301 6177695707
47 1 
47 2 
47 3 25153
47 4 14621 4778021
47 5 1213 4021
47 6 5881 1794703 256128979
47 7 25153 11905643330881
47 8 3691 973459 567332587
47 9 521 14621 4778021 9136473061
47 10 134707 389357 132277876039 398959160491
47 11 1213 4021 25153 3781801 6296281
47 12 2237 12377 14050609 71265169 70168829040103
47 13 757 5881 1794703 256128979 5290343359778849
53 1 281
53 2 409 919
53 3 281 232073
53 4 2011 3851 5581
53 5 281 409 919 1153 6841
53 6 673 32323789 778986167
53 7 281 232073 31129845205681
53 8 307 409 919 11971 388845829
53 9 281 2011 3851 5581 204057488321
53 10 1354343 82244999 178250690949465223
53 11 281 409 919 1153 6841 232073 62259682520881
53 12 3297113 23909861 11681692691969 20165801764421
59 1 1741
59 2 3541
59 3 593 601 1741
59 4 2383081
59 5 1741 3541 931837
59 6 281 757 2927 4691 14170661
59 7 337 593 601 1741 217849313953
59 8 1459 2143 2719 3541 28910719
59 9 1741 2383081 8117401 18083161
59 10 419 32693 116293 132194239 805243954219
59 11 593 601 1741 3541 931837 146830425486961
59 12 19709 1674882874058629 1809873235795386729241
61 1 1861
61 2 523
61 3 1861 6922921
61 4 21491 1238411
61 5 523 1861 13842121
61 6 50689400581 52379047267
61 7 1861 12401 6922921 454677073
61 8 523 8677 5937553 903870199
61 9 1861 21491 1238411 4674531865001
61 10 331 859 2179 42308091563 4242586390571
61 11 523 1297 1861 6922921 13842121 147808249153
61 12 22283 187123 2537237 584701729 14421466756460791
67 1 449
67 2 4423
67 3 449 937 10753
67 4 421 761 26881 47161
67 5 449 4423 1549741
67 6 1429 10193 175897 522061
67 7 449 937 1153 2417 2593 10753 28097
67 8 4423 128674369 30152894311
67 9 421 449 761 26881 47161 1064941 76244081
67 10 1890149702927663 78088320271718681
67 11 449 937 1489 4423 10753 1549741 272711657089
67 12 2029 5279 126867415853933 3973575555985282729
71 1 2521
71 2 1657 5113
71 3 2521 12705841
71 4 2221 25058741
71 5 1657 2521 5113 1954357
71 6 883 21020917 4355900459
71 7 577 2521 12705841 291295393
71 8 1657 5113 282439 3462179509
71 9 661 1301 2221 2521 16661 45061 25058741
71 10 419 5479 1398279582151 143554218709131407
71 11 1657 2521 5113 87553 1954357 12705841 7375572577
73 1 
73 2 751 1801
73 3 14199121
73 4 19441 28792661
73 5 751 1801 3037 9349
73 6 149289169177 153436090543
73 7 25057 8377153 14199121
73 8 751 1801 14668471 151333837273
73 9 2281 19441 28792661 70697833061
73 10 3323 461561 123518407 47635391067166673
73 11 751 1801 3037 9349 14199121 8314021273153
79 1 3121
79 2 6163
79 3 433 1097 3121
79 4 641 1091 39449441
79 5 3121 3169 6163 12289
79 6 281 337 1289 2017 6343 37844689
79 7 433 1097 3121 6481 70978049
79 8 397 6163 204104071 12794050657
79 9 641 1091 1601 3121 152641 6207041 39449441
79 10 727 5479 81973 6821422367 1750258119644519
79 11 433 1097 3121 3169 4729 6163 12289 88681 3617569
83 1 
83 2 367 2269
83 3 19121
83 4 401 10631 48037081
83 5 367 2269 47451433
83 6 2073121 11411291417
83 7 10289 16001 19121 6840289
83 8 367 2269 49339 64153 137737 2208799
83 9 401 10631 48037081 450393067843421
83 10 13003 75527 19951801 15991874273 33409485649
83 11 367 2269 19121 47451433 2252292184680721
89 1 
89 2 373 8011
89 3 281 111641
89 4 691 701 400291
89 5 373 1621 8011
89 6 329617 1491001 502628805631
89 7 281 111641 20291694874753
89 8 373 8011 6807972547 8718957649
89 9 691 701 3821 400291 16887227561
89 10 2530067 56086691 16912503169 23903412677
89 11 281 373 1621 8011 111641 46644217 84396073
97 1 941
97 2 3169
97 3 941 189977
97 4 3931 22291 262321
97 5 941 2521 3169
97 6 967 14680513 20241187
97 7 941 189977 230512752775793
97 8 1153 3169 240813217 43840583803
97 9 941 3931 22291 262321 1567320142178381
97 10 353 6007 349603 4280827 837197335075000483
97 11 941 2521 3169 5281 189977 1484081330401
101 1 5101
101 2 10303
101 3 5101 584609
101 4 491 1381 9367291
101 5 5101 10303 15649
101 6 15100497917 1051113090301
101 7 929 5101 584609 5828076994769
101 8 10303 1954915507 55869535837
101 9 491 1381 5101 9367291 10827505640180401
101 10 463 146543 1876403 1612088465989 2585122674619
103 1 1061
103 2 3571
103 3 1061 56275441
103 4 1171 95191 10332211
103 5 1061 3571 31357
103 6 407191 2904217 585604027
103 7 1061 10433 56275441 607097709857
103 8 3571 14437 25147 217081 47482849
103 9 1061 1171 95191 10332211 61787838410341
103 10 27457 24837228904511 5786930897677448069
107 1 
107 2 
107 3 4201 15601
107 4 2851 627091
107 5 834829
107 6 7393 201113851 1214826131
107 7 3137 4201 15601 161093043169
107 8 40560312889 500243042269
107 9 2851 627091 18983824529321
107 10 397 463 2531 6997 715903 1635665747 6588500623
109 1 457
109 2 571
109 3 457 1721441
109 4 24061 27974981
109 5 457 571 141146281
109 6 281 53306107 57305301593
109 7 457 1721441 6041730265889
109 8 571 6301 8803 191899 63504919
109 9 457 24061 27974981 19923949457937361
109 10 9967 1359997 10175728663 23971944503021153
113 1 1277
113 2 991 4219
113 3 1277 81523681
113 4 251 59581 64621
113 5 733 991 1277 2293 4219
113 6 44983 6670903 47992767859
113 7 1277 3121 81523681 250527187073
113 8 523 991 4219 17047 12173653 122130181
113 9 251 761 1277 59581 64621 6986165608501
113 10 617 555085255645420259 14629523839100351479
127 1 1613
127 2 1231 5419
127 3 1613 55849
127 4 572311 262209281
127 5 457 1231 1613 5419 569209
127 6 673 757 86353 162709 8171563
127 7 1613 14369 21713 55849 108455953
127 8 1231 2179 3673 5419 3164419 17347717
127 9 1613 6121 572311 262209281 2211110558021
127 10 20681 383791 136447203773 47834644354838156839
131 1 8581
131 2 811 17293
131 3 8581 1303097
131 4 973001 292268861
131 5 811 8581 17293 294482761
131 6 189967 201251 211093 579587
131 7 7841 8581 1303097 19136877329
131 8 811 17293 395533 672499 1684636965397
131 9 8581 973001 27539381 76808101 292268861
131 10 353 1453 4643 15401 3983453 123210869 7260378379
137 1 1877
137 2 6211
137 3 1409 1877 3049
137 4 881 5591 319411
137 5 1877 2473 6211 10957
137 6 8933 745603139 152649866251
137 7 1409 1877 3049 1095793 56624713777
137 8 433 6211 27847 12496591 5089956643
137 9 881 1877 2221 5591 319411 3315421 3370421
137 10 727 532951 447607733 2346320474383711003267
139 1 9661
139 2 499 19183
139 3 617 9661 302513
139 4 1201 9170881
139 5 499 9661 14197 19183 26293
139 6 2857 29863 143333 87683177
139 7 617 9661 77681 302513 52762416433
139 8 307 499 613 19183 261631 483643 1035829
139 9 1201 9661 9170881 139346455035552241
139 10 448301258215393397 13627953404099290499
149 1 653
149 2 7351
149 3 653 7001 35201
149 4 251 691 2861 145931
149 5 653 7351 519349
149 6 151537 2473409 11016462577051
149 7 653 7001 23873 35201 5088070890737
149 8 4483 7351 813630997 4534823827
149 9 251 653 691 2861 145931 242924090715404401
149 10 86051197 2706904546831 81042426245204504653
151 1 877
151 2 1093 22651
151 3 877 15290753
151 4 1514561 104670301
151 5 877 1093 22651 8522341
151 6 701 743 1499 18131 7960598843
151 7 433 877 1873 74561 2234849 15290753
151 8 1093 4177 22651 111187 603937 35537473
151 9 421 877 1514561 104670301 641969559941581
151 10 331 13003 14389 14864609 98855460463 18145704541823
157 1 
157 2 3499 8269
157 3 2688377
157 4 1793161 603727801
157 5 397 3499 8269 1530349
157 6 3011 12503 13763 359101 1205476469
157 7 1297 2688377 142307322503233
157 8 2593 3499 8269 2738539 2826829 5297833
157 9 2081 1793161 603727801 35476234417021
157 10 28447 665017 591123882633923 321910472390668481
163 1 2657
163 2 26407
163 3 601 2657 587281
163 4 1301 1601 11501761
163 5 2657 26407 54298861
163 6 5923 21379 147211 18871143464293
163 7 601 2657 587281 2275681 6440365793
163 8 26407 1883611 9957133 6251791302919
163 9 1301 1601 2657 11501761 986718137929561
167 1 2789
167 2 9241 28057
167 3 2789 9485321
167 4 571 19301 70287871
167 5 2789 9241 28057 59828341
167 6 701 31130721917 106220900381
167 7 2789 43313 9485321 4235092033
167 8 9241 28057 209449 103566817 380560648051
167 9 571 2789 19301 70287871 120989085155461421
173 1 
173 2 30103
173 3 769 582409
173 4 9431 95531 618041
173 5 373 30103 2401381
173 6 3144079 8576317 26654680037077
173 7 769 164513 582409 143446410721
173 8 2647 4519 30103 2241199 12711592297
173 9 9431 95531 618041 160466474123694941
179 1 433
179 2 4603
179 3 433 1776169
179 4 1571 129971 93853931
179 5 433 4603 6538813
179 6 4523 6679 37339 465900166691
179 7 433 1009 15361 1776169 34000366369
179 8 3691 4603 143137 70173073 76602853
179 9 401 433 1571 129971 93853931 2628247869830081
181 1 16381
181 2 1051
181 3 1777 16381 301993
181 4 331 3224731 19622651
181 5 1051 16381 4453321
181 6 281 4338835663 70359419453
181 7 1777 2801 4289 16381 22817 123601 301993
181 8 1051 24967 61291 12687679 30194029
181 9 331 16381 3224731 19622651 1151901497068423921
191 1 
191 2 12097
191 3 16230041
191 4 281 1871 13001 4711501
191 5 2713 12097 490537
191 6 1429 10627 89867 183569 376097
191 7 337 1301057 16230041 17874433
191 8 829 1171 12097 152947 48551233240513
191 9 281 1861 1871 13001 4711501 15601947972241
193 1 
193 2 1783 37057
193 3 257 2699393
193 4 8461 14831 1394714501
193 5 1783 37057 2884513
193 6 724170925367 1208179545301
193 7 257 2699393 56621263321146353
193 8 577 1783 37057 28921897 17227515912769
193 9 8461 14831 2826181 1394714501 136231279721
197 1 3881
197 2 2053
197 3 3881 10316017
197 4 661 991 2311 19441 77081
197 5 2053 3217 3881 36013
197 6 617 97847 2957767 94256916629
197 7 3881 10316017 276843193061873
197 8 739 2053 2137722121 19483906887919
197 9 661 991 2311 3881 19441 77081 11065339871837941
199 1 19801
199 2 433 13267
199 3 19801 784119601
199 4 22199431 312079601
199 5 433 13267 19801 42383773
199 6 883 953 11552213 1507926533
199 7 401 19801 784119601 180385374178753
199 8 379 433 829 13267 281431 582247 1314283717
199 9 521 19801 67181 22199431 312079601 70263447901
211 1 
211 2 607
211 3 4112281
211 4 1361 2441 73471 292661
211 5 607 8655349
211 6 2591 307189 41233879 788325287
211 7 1079633 4112281 107029765681
211 8 607 179533 163843507 4644522644149
211 9 1361 2441 73471 292661 64405069416927781
223 1 4973
223 2 1597 16651
223 3 1049 4973 69337
223 4 30431 2461933381
223 5 1597 4973 16651 3118441
223 6 491 1709 6553 294169 5076443
223 7 1049 4973 69337 618577 4943279203633
223 8 1549 1597 2503 8389 16651 276319 2032237
223 9 4973 30431 31721 2461933381 38557893281221
227 1 5153
227 2 349 709
227 3 977 5153 14009
227 4 18701 2666986681
227 5 349 709 5153 204245101
227 6 4999 6612313 20601211 947963087
227 7 977 2161 5153 14009 1593281 60225553
227 8 349 709 52543 2603996011 45607246337269
227 9 5153 18701 2666986681 1410030234636563741
229 1 2017
229 2 7459
229 3 2017 1108001
229 4 251101831 547620341
229 5 2017 7459 2750006041
229 6 673 135647 4429069 215227848907
229 7 449 2017 1108001 8421850388552369
229 8 541 7459 139609 309403 861571 9306289
229 9 2017 251101831 547620341 7562677435853231281
233 1 
233 2 487 7789
233 3 44633
233 4 24253721 95483851
233 5 421 487 7789 7000573
233 6 463 3045202343 11488911589
233 7 44633 7168097 35642206129
233 8 487 7789 20773 7045849 7569739 405399061
233 9 48781 90281 24253721 95483851 394477561
239 1 
239 2 283 3019
239 3 809 1217 1657
239 4 971 5531 3276517921
239 5 283 3019 3262751521
239 6 245561 370483 3754507 7055819
239 7 809 1217 1657 5322960113892133441
239 8 283 1693 3019 348553 534710377 36695191717
239 9 971 1901 5531 21101 72481 3661561 3276517921
241 1 257
241 2 8263 19441
241 3 257 238201
241 4 811 4142371 11106421
241 5 257 1093 8263 19441 237409
241 6 379 20707 63113 857333 3117376319
241 7 257 238201 3445297 97147305089
241 8 937 2647 8263 19441 67518289 24673291543
241 9 257 281 811 283121 4142371 11106421 34541821
