1 60
2 286650
3 308700
4 389844
5 1441188
6 36580068
7 76698960
8 826169400
9 883146600
10 3943157400
11 5156436600
12 8147739600
13 8897460000
14 20009220000
15 26158532400
16 65883636000
17 112834965600
18 243898340400
19 286940530800
20 377486756712
21 526927170000
22 611809800000
23 613400460000
24 621861156000
25 903527679600
26 986666460000
27 1041904500000
28 1132240200000
29 1213034004000
30 1487741923512
31 1803397352400
32 2361310739424
33 2373420660000
34 2629361732400
35 3020041034010
36 3486201223752
37 3519428348700
38 3701554500000
39 3793353051600
40 4167454200000
41 4660019806176
42 9550973289312
43 10072789511904
44 12077999521056
45 14509672750188
46 17108644123872
47 20577136443552
48 23324999403888
49 25600075800000
50 26671600200000
51 34537682190000
52 50396952564000
53 59624179725600
54 77362580022624
55 91416458626272
56 100339474200000
57 101813595904944
58 137386439944416
59 179572669800000
60 185276754412704
61 208230048180000
62 242298676620000
63 257882492984688
64 326683161420000
65 350287844577600
66 432659182176000
67 439917193915056
68 491050873144728
69 540323070000000
70 564754402322208
71 580936400163504
72 597776068890000
73 668528049420000
74 717172801632000
75 911273670946548
76 1073778062112000
77 1092893339083104
78 1322367423651456
79 1325207730686112
80 2371924664098704
81 2641936727430000
82 2700390068064000
83 3132265332840336
84 3191571704462400
85 3866794397856000
86 4512495611490048
87 4905677658420000
88 5969358305820000
89 6185598048630000
90 6201117698662224
91 6469261811095392
92 6828069275820000
93 7127765905726800
94 7482085536796416
95 8549730881177616
96 10058898036330000
97 10954854228830400
98 11544946292552400
99 12396518103400704
100 14249781536809104
101 15611773875390000
102 15921147516446400
103 17509884170976000
104 18124075271476512
105 20512837767621888
106 20830827144477600
107 24923169061572600
108 28120926871556064
109 32655866800944000
110 37782236122765056
111 40414629480065568
112 40415194820400000
113 43200788441822592
114 46808173698352416
115 57716514147297600
116 59868030721824000
117 60456855356913600
118 62527433240487600
119 63683016748704000
120 66765691369137600
121 74928099211020000
122 78249759734577600
123 80811570090000000
124 83859205677541632
125 84920177927163600
126 90001024314336000
127 104173652473857792
128 112234032170208000
129 118976099099542272
130 123828105512430000
131 137246044501800000
132 139533478576830000
133 145196182322650368
134 154189974167444592
135 159857001712980000
136 160844134139769600
137 163040981079098304
138 163487927479968000
139 169309772485344000
140 181641988045200000
141 193465354594307328
142 210154127058144000
143 220955612613435648
144 227825016131950848
145 249092594907156000
146 249948495338220000
147 262589586726115584
148 268587013143009600
149 268797293130405312
150 277595190285984000
151 277787149485300000
152 303156364749633792
153 310961292814920000
154 333382304594574144
155 335474923477620000
156 343422735086340000
157 360711669587666688
158 367199883279954144
159 383017821190149600
160 391660069688400000
161 421245806210775000
162 457787151013190400
163 461380113534600000
164 467905877788896000
165 484800790034153736
166 498377711222820000
167 509511286978529472
168 517024858596537600
169 530567919701445600
170 571456862203500000
171 616539126054020400
172 623572081926624000
173 628161974803835136
174 630712216976328864
175 654179523933420288
176 710085882036960000
177 711760498363200000
178 718525050877691136
179 725999806906800000
180 740179431009076968
181 767751314410080000
182 814098542790420000
183 840730536516384000
184 847639949542800000
185 848564344183701600
186 874609417483502400
187 973810159692256512
188 982188257842759968
189 1016789629646700000
190 1087224872214027456
191 1138771234238476032
192 1166419706045416704
193 1183823060219427600
194 1186308351595130400
195 1217304051544148400
196 1232148767782923144
197 1276053775436400000
198 1279913282645400000
199 1293020281367348688
200 1303407684330600576
201 1306582441987680000
202 1352688266348534808
203 1407713134548420000
204 1441402049859781464
205 1493628924284640000
206 1511829467768088000
207 1520776284936480000
208 1557284953032900000
209 1579951489510800000
210 1669707088555359672
211 1699979503023600000
212 1814062043317724928
213 1825784911525536000
214 1894133975164345152
215 1896367153084920576
216 2020437122381625600
217 2058424344986668848
218 2075273906253408000
219 2281842726148920000
220 2328876735683470560
221 2375733328789200000
222 2425152967133854464
223 2626250767784028000
224 2663791915038564024
225 2693131088315084352
226 2732464060589206944
227 2806743828268650816
228 2868965438058720000
229 2905188654324146112
230 3147236916193112400
231 3211106017934453184
232 3309752479531680000
233 3342799507652635392
234 3450583556872421112
235 3526952511501776448
236 3545780667161372640
237 3548867244449220000
238 3663539359849980000
239 3666800659193568000
240 3856534563563294184
241 3876908557373280000
242 4123154239085684088
243 4519119786239520000
244 4596193898879581440
245 4613047446563940384
246 5790263090965617600
247 5962655420877339072
248 6272207786737947600
249 6312015124633662912
250 6681995708680306944
251 6745251140989200000
252 7713698078768783616
253 7892387160921900000
254 8487969476590800000
255 9195676946611612416
256 9294905858500630368
257 9527293471461572664
258 9557205681283671600
259 9918337203508800000
260 10145552600827800000
261 10579076171621298432
262 10715697329737982400
263 10865628572565133224
264 11203252523213400000
265 11340352055304032904
266 11458493794628461152
267 11633296802690332224
268 13037618478011912928
269 13472814850760131776
270 13977016532201366784
271 14402139730185477888
272 14460508578773746944
273 14814886456117800000
274 15037333025527800000
275 16433277731458800000
276 16887237095947680000
277 16913248804536480000
278 17057955086817120000
279 17169519636229728768
280 17233182389761056000
281 17233687844057682144
282 18506594597232575808
283 18612581909908800000
284 19112597811543442752
285 19454076370305539424
286 19706324094787142592
287 20646810116748664992
288 21814894826198472960
289 23156810725790386944
290 23397787093321182528
291 24421352046111532512
292 25060573360055520000
293 25163614075042080000
294 25594562914385400000
295 26688789185778720000
296 29168864074818720000
297 29958170081362800000
298 30336357828188835072
299 31172189659597350000
300 32084371319608232352
301 32375541688308000000
302 35739003163132369152
303 36359743595356162800
304 36525207380609499552
305 36708224226119123832
306 38673247106728253376
307 39071595872404333056
308 40199989036813200000
309 40292103812417425152
310 42388840940504306976
311 46227215482134969600
312 46906461405786887424
313 47074246730217757440
314 47211987682516800000
315 47300835427005199104
316 47671119532539360000
317 48703383933275316672
318 48846009306360000000
319 50293273207722967296
320 50698044482535676512
321 51118874465124960000
322 52629204171480300000
323 53511880971910087584
324 55566325843072200000
325 56275822726896191328
326 56513280688722583488
327 59380868521531526112
328 59512533853096187136
329 60766557119938800000
330 62664880222090080000
331 64602786501960000000
332 65767443228468124416
333 66115768726242248832
334 67104430923641889024
335 69700928820915614976
336 71048373311386800000
337 72939526446150000000
338 74204280529535639736
339 74360061937213920000
340 78335662660436273664
341 80385272616106080000
342 81960865057990800000
343 82185080972988424704
344 82871874463669200000
345 83419377199678800000
346 85352470322581800000
347 85599676977438000000
348 86458443379688160000
349 88335361173413260368
350 88644194254551600000
351 91044241796603587968
352 92189092352699886336
353 93964613499349886592
354 97180157072653200000
355 97960038894672240000
356 98677835331245621568
357 99175698948435355584
358 99958641198319800000
359 101312386283782800000
360 102008455298612426304
361 105804256701208953888
362 106033452030709841664
363 106958432580801120000
364 110675916466291800000
365 116040842824549434624
366 116345255117274669696
367 117405957985195434048
368 139386078143003001600
369 142603393352603040000
370 146297022531248160000
371 147217832943409829952
372 149094277887480000000
373 156395734781673167424
374 157174423436683945728
375 163411182379796400000
376 164122613221638240000
377 178574112178837200000
378 180054492952542000000
379 181993698993034199232
380 182934864767630094912
381 184349329156874937600
382 184651308916858080000
383 187411854070717920000
384 190889568191170800000
385 197649704257253209728
386 198471317552997965952
387 203752339983295448832
388 206521292468422903296
389 207926217662341718592
390 208805287445576712072
391 214041946239162720000
392 214371638817037920000
393 215504422388448950016
394 217127696368570985088
395 236881951478330479776
396 236914913821738335744
397 243781228739180641536
398 277226850795071720400
399 278230828763883945600
400 280613746754520000000
401 282018846107027143296
402 310877364452508000000
403 318497464462497705216
404 320910973496175285504
405 321418358827737485184
406 325979233755798240000
407 331736783543806389408
408 344516970406064400000
409 367820711666776996992
410 370664301589508743488
411 372888730100040000000
412 382183583932966454496
413 387947222986921200000
414 398429411008393440000
415 404630588542597683552
416 422187449851045182528
417 427969292803869667968
418 442446986446751520000
419 449268988858132080000
420 466515096067905834240
421 469275371791847937792
422 491468600291329440000
423 499443719374570182912
424 506335090672125541728
425 525532866661069344000
426 538807878925763455008
427 546480098927504568576
428 568532883429432608544
429 572538002159689185024
430 580606206979106305536
431 580820938783066800000
432 584651703385940400000
433 594630744398425680000
434 633148677438399887616
435 635072288821994512896
436 665212455438316004352
437 700328507316893280000
438 701085883031965848816
439 712299155243785200000
440 730932256946069156352
441 788590078446364349184
442 856263085333895423808
443 865548516874914471456
444 913567073179222353024
445 914943870558422400000
446 955110134203460673984
447 956675221962925360896
448 969933760954117049376
449 978758514151311600000
450 981629084005894800000
451 983568196304017319424
452 986274010035157536000
453 998079959558052000000
454 1033289928770321102400
455 1042337710761898800000
456 1065340783686359566848
457 1076711984080513200000
458 1078928750833340400000
459 1140572555977377276432
460 1163145542832811518552
461 1168899207022488661200
462 1187384478008297184000
463 1191348314066712044544
464 1191425366458002000000
465 1233905164042371600000
466 1265907778396186464000
467 1273133849662047488544
468 1305982225625619297600
469 1317558568847455214592
470 1332203932691357371776
471 1362625792289036362752
472 1370998239608835516672
473 1386365253315918602688
474 1406743264204054920000
475 1426823891804736903744
476 1480449734081947200000
477 1498275970324786800000
478 1502752250314458720000
479 1507706544153331411344
480 1568450542659000000000
481 1584731501087794838016
482 1587439646554633200000
483 1592812683161362845000
484 1602832124430272736000
485 1631487678098569200000
486 1678715986149661536000
487 1685541848651149233888
488 1702491146631682328952
489 1738716946769180573184
490 1760879452512456320616
491 1788322459402098268992
492 1824162444169606800000
493 1844774079173732853504
494 1867621760684019600000
495 1893647231107052400000
496 2004214927667732542464
497 2096499971398950000000
498 2107021875622910400000
499 2136486829895182800000
500 2242704332601894000000
501 2245174864446954375936
502 2288212758019593600000
503 2335840921092594514032
504 2347630873874390880000
505 2441604590445462120000
506 2497601833051935456000
507 2537853272746567776000
508 2540287707411783714048
509 2648104997298726000000
510 2691756659831433503232
511 2753411666800521408000
512 2823365671888607104896
513 2872402123979003616000
514 2947903206667290458496
515 2956122559841880000000
516 2994279713689814400000
517 3042581676737569200000
518 3099271808728883001312
519 3150216548723360160000
520 3158762273364448800000
521 3178876401540630000000
522 3214058952582256038624
523 3354966019932180192000
524 3388729687036253280000
525 3429715344632918400000
526 3471778833788782242432
527 3516369530515908818688
528 3675426525224344800000
529 3739472142906265409952
530 3754216553284084800000
531 3867051451296385440000
532 3876209112385133280000
533 3914575702613525664000
534 3946975764820698137472
535 4033972830409022319168
536 4069646940421188000000
537 4098404370630893546496
538 4135373526856483296000
539 4202019353236120416000
540 4358422276956509265504
541 4544401303502569080000
542 4560964193540070000000
543 4575159679627974667776
544 4610313685563289200000
545 4821061299230489760000
546 4968151771715258136192
547 5005086890408920224000
548 5153549201307047520000
549 5189828241132270528000
550 5195541645873658080000
551 5482241150452642800000
552 5625052733541150000000
553 5889783749621980989312
554 6194147143400218800000
555 6201511432837272900864
556 6345587508298922830464
557 6497173238020264800000
558 6499335933930954670848
559 6529083860749776480000
560 6535911180734880000000
561 6554425320483603746304
562 6622199791923322800000
563 6679452506784665760000
564 6689062693751806368000
565 6769806043176181980000
566 6846398521484971200000
567 7041756961661532574464
568 7280171301274454400000
569 7402149334558014696576
570 7410916914465578976000
571 7528603432662262440000
572 7576404164441144611488
573 7841591026380084006144
574 8063502362881035025536
575 8144204774883792660864
576 8490232883853432762336
577 8620985085815298714336
578 8621809927232505309696
579 8747235830290823712000
580 8803901519060753952000
581 9117025282190919456000
582 9322394028437280000000
583 9401135772498960000000
584 9702989743607128713888
585 9847382749358372064000
586 9888042209062166400000
587 9933475307461748064000
